INSTANCE:	V40_C120
VEHICLES:	40
CUSTOMERS:	120
TIME UB:	14143
VEHICLE SECTION
VEH. NO.	X_COORD		Y_COORD		CAPACITY	OCCUPANCY	Arr. T
       0	    380		    569		       4	        0	 14143
       1	    831		    909		       4	        0	 14143
       2	    300		    254		       4	        2	  1756
       3	    530		    589		       4	        0	 14143
       4	    252		    359		       4	        0	 14143
       5	    928		    757		       4	        0	 14143
       6	    855		    543		       4	        0	 14143
       7	    378		    202		       4	        0	 14143
       8	    673		    516		       4	        0	 14143
       9	    415		    242		       4	        0	 14143
      10	    507		     49		       4	        0	 14143
      11	     56		    113		       4	        0	 14143
      12	    859		    343		       4	        1	   721
      13	    121		     15		       4	        0	 14143
      14	    945		    773		       4	        0	 14143
      15	    154		    804		       4	        0	 14143
      16	    575		     20		       4	        0	 14143
      17	    125		    526		       4	        0	 14143
      18	    703		    432		       4	        0	 14143
      19	    149		    401		       4	        1	  1599
      20	    857		     71		       4	        0	 14143
      21	    641		    941		       4	        0	 14143
      22	    623		    297		       4	        0	 14143
      23	    233		    933		       4	        0	 14143
      24	    662		    403		       4	        0	 14143
      25	    105		    209		       4	        0	 14143
      26	    454		    251		       4	        0	 14143
      27	    256		    247		       4	        0	 14143
      28	    191		    805		       4	        2	   828
      29	    486		    830		       4	        2	  1958
      30	    665		    809		       4	        0	 14143
      31	    665		    266		       4	        0	 14143
      32	    280		    296		       4	        0	 14143
      33	    213		    538		       4	        0	 14143
      34	    952		    712		       4	        0	 14143
      35	    795		    707		       4	        1	   822
      36	    359		    843		       4	        1	   710
      37	    269		    765		       4	        1	  1154
      38	     40		    514		       4	        3	  1924
      39	    665		    693		       4	        0	 14143
CUSTOMER SECTION
CUST. NO.	X_COORD		Y_COORD		DEMAND		Arr. T
       0	    879		    444		     0		 14143
       1	    102		    765		     1		  1356
       2	     39		    192		     2		  1596
       3	     71		    978		     1		  2952
       4	    505		    538		     1		  2007
       5	    466		    636		     1		  1045
       6	    214		    671		     1		  2012
       7	    423		    708		     1		  1464
       8	    557		     87		     1		  2463
       9	    452		     76		     1		  2307
      10	    728		    299		     1		  2388
      11	    999		    132		     1		  2003
      12	    551		    747		     2		  2402
      13	    479		    473		     1		  2190
      14	    729		    182		     1		  2441
      15	    768		    403		     3		  1040
      16	     40		    197		     2		  1257
      17	    458		    748		     1		  1711
      18	    710		    401		     1		  1245
      19	    539		    853		     1		  2027
      20	    921		    710		     1		  2887
      21	    584		    464		     1		  1155
      22	    516		    574		     1		  2830
      23	    925		    999		     1		  1636
      24	    887		    720		     1		  1748
      25	     24		    425		     1		  2059
      26	    764		    395		     1		  2164
      27	    658		    852		     1		  1914
      28	    477		    630		     1		  2062
      29	    614		    695		     1		  2073
      30	    273		    160		     1		  1737
      31	    263		    444		     1		  1319
      32	    936		     16		     2		  2658
      33	    726		    536		     1		  2128
      34	    711		     20		     1		  1283
      35	     51		    651		     1		  2662
      36	    205		    145		     3		  1993
      37	    382		     74		     1		  1432
      38	    633		    164		     1		  1565
      39	    256		    417		     3		  1951
      40	    610		    489		     1		  1243
      41	    645		    251		     2		  1620
      42	    615		    624		     1		  2789
      43	    219		    607		     2		  1396
      44	    286		    215		     4		  1107
      45	    604		    382		     2		  2888
      46	    553		    932		     1		  2930
      47	    922		    495		     2		  1807
      48	    211		    815		     1		  1960
      49	    317		    683		     1		  1021
      50	    114		    652		     1		  1659
      51	    463		    884		     1		  1496
      52	    176		     43		     1		  2484
      53	    487		    551		     1		  1272
      54	    384		    896		     1		  2507
      55	    790		    550		     1		  1340
      56	    372		     16		     1		  1807
      57	    122		    940		     1		  1861
      58	    722		    740		     3		  1311
      59	    647		    379		     1		  1767
      60	    788		    181		     1		  2885
      61	    814		     21		     1		  2266
      62	    122		    931		     1		  2708
      63	    738		    835		     1		  2460
      64	    649		    127		     2		  2777
      65	    216		    161		     1		  1542
      66	    344		    710		     3		  2041
      67	    431		    139		     1		  1381
      68	    457		    571		     1		  1670
      69	    101		    363		     1		  1565
      70	    843		    577		     1		  2623
      71	    893		    644		     1		  1737
      72	    609		    300		     1		  1680
      73	    423		    300		     1		  1521
      74	    656		    188		     1		  2211
      75	    809		    959		     1		  1546
      76	    270		    441		     1		  2387
      77	    747		     64		     1		  2861
      78	    843		    494		     1		  1806
      79	    342		    651		     1		  1185
      80	    648		    891		     1		  2151
      81	    201		    325		     1		  2606
      82	    999		    787		     1		  2840
      83	    355		    670		     4		  1909
      84	    527		    929		     2		  1204
      85	     14		    334		     1		  2149
      86	    438		    202		     2		  1192
      87	    249		     11		     1		  2624
      88	    908		    551		     1		  1107
      89	    398		    596		     1		  1901
      90	    374		    394		     1		  2770
      91	    418		    892		     3		  2711
      92	    872		    242		     2		  2761
      93	     75		    809		     1		  1544
      94	    140		    913		     1		  2366
      95	     78		    438		     1		  2317
      96	    595		     42		     1		  1768
      97	     37		    577		     1		  1108
      98	    479		    652		     1		  2494
      99	    398		    950		     1		  1868
     100	    209		    873		     1		  1195
     101	    442		    452		     1		  1403
     102	    342		    674		     1		  1020
     103	    182		    204		     1		  2558
     104	    849		    655		     1		  1503
     105	    560		    784		     1		  2628
     106	    229		    526		     1		  1320
     107	    820		    338		     1		  2729
     108	    256		     37		     1		  2626
     109	    869		    442		     1		  2053
     110	    138		    324		     1		  1162
     111	     61		    905		     1		  1814
     112	    746		    197		     2		  1853
     113	    950		     19		     1		  1906
     114	    680		    300		     2		  2823
     115	    665		    459		     1		  2306
     116	    962		    268		     2		  2463
     117	    740		    732		     3		  2704
     118	    217		    325		     1		  2920
     119	    751		    187		     1		  1628
     120	    235		    193		     2		  1585
