INSTANCE:	X-n160-k53
VEHICLES:	53
CUSTOMERS:	160
TIME UB:	5983
VEHICLE SECTION
VEH. NO.	X_COORD		Y_COORD		CAPACITY	OCCUPANCY	Arr. T
       0	    569		    497		       4	        0	  5983
       1	    603		    447		       5	        3	   154
       2	    578		    423		       5	        1	   160
       3	    696		    387		       5	        1	   375
       4	    815		    268		       5	        0	  5983
       5	    554		    590		       5	        0	  5983
       6	    449		    254		       5	        2	   317
       7	    637		    568		       4	        1	   251
       8	    650		    335		       4	        1	   275
       9	    753		     20		       5	        2	   961
      10	    682		    461		       4	        0	  5983
      11	    750		    391		       4	        0	  5983
      12	    725		    237		       5	        1	   420
      13	    762		    279		       5	        0	  5983
      14	    558		    451		       4	        0	  5983
      15	    824		    522		       4	        0	  5983
      16	    656		    446		       5	        0	  5983
      17	    702		     94		       5	        1	   666
      18	    581		    444		       5	        2	   100
      19	    537		    137		       5	        0	  5983
      20	    828		    150		       4	        1	   706
      21	    759		    334		       4	        2	   470
      22	    767		    116		       4	        2	   897
      23	    723		    556		       5	        2	   377
      24	    735		    280		       5	        0	  5983
      25	    354		    662		       4	        0	  5983
      26	    626		    264		       4	        2	   378
      27	    752		    315		       5	        2	   599
      28	    715		     34		       5	        0	  5983
      29	    582		    485		       5	        1	    89
      30	    681		    274		       4	        2	   335
      31	    683		    308		       4	        0	  5983
      32	    449		    359		       4	        0	  5983
      33	    733		    311		       4	        1	   563
      34	    563		    394		       4	        0	  5983
      35	    785		     82		       4	        0	  5983
      36	    718		    413		       4	        4	   249
      37	    764		    259		       4	        2	   383
      38	    885		     77		       5	        2	   956
      39	    572		    542		       5	        0	  5983
      40	    591		    433		       5	        1	   155
      41	    465		    361		       5	        2	   209
      42	    495		    468		       4	        1	    53
      43	    711		    447		       4	        0	  5983
      44	    683		    355		       4	        1	   302
      45	    711		    417		       5	        0	  5983
      46	    999		    631		       4	        0	  5983
      47	    750		    327		       4	        1	   562
      48	    449		    346		       5	        0	  5983
      49	    678		     44		       5	        1	   564
      50	    478		    510		       4	        1	    45
      51	    659		    582		       5	        0	  5983
      52	    893		    283		       5	        1	   798
CUSTOMER SECTION
CUST. NO.	X_COORD		Y_COORD		DEMAND		Arr. T
       0	    500		    500		     0		  5983
       1	    753		    355		     1		   790
       2	    663		     83		     1		  1215
       3	    725		    286		     3		   768
       4	    700		    205		     1		  1120
       5	    630		    475		     1		   417
       6	    560		    407		     1		   427
       7	    848		    374		     1		   945
       8	    454		    310		     4		   727
       9	    685		    227		     1		   944
      10	    747		    468		     1		   625
      11	    540		    348		     2		   617
      12	    882		    346		     3		  1043
      13	    762		    228		     1		   911
      14	    884		    307		     1		  1006
      15	    761		    254		     1		  1281
      16	    791		    205		     1		  1158
      17	    699		    559		     1		   463
      18	    694		    352		     2		   701
      19	    679		     11		     1		  1283
      20	    428		    487		     1		   180
      21	    838		    395		     2		  1045
      22	    567		    250		     2		   900
      23	    769		    381		     1		   708
      24	    710		    296		     2		  1161
      25	    653		    489		     2		   442
      26	    516		    322		     2		   476
      27	    704		    265		     1		  1039
      28	    742		    358		     2		  1070
      29	    923		    378		     1		  1338
      30	    451		    120		     1		  1063
      31	    701		    203		     2		   900
      32	    751		    293		     1		  1099
      33	    835		      0		     1		  1341
      34	    810		    318		     5		  1052
      35	    640		    218		     1		   795
      36	    493		    226		     3		   882
      37	    483		    445		     2		   192
      38	    671		    134		     1		  1448
      39	    521		     69		     1		  1602
      40	    894		    399		     1		  1479
      41	    824		    388		     1		   938
      42	    605		    238		     2		   760
      43	    848		    251		     1		   980
      44	    561		    443		     1		   200
      45	    663		      9		     2		  1355
      46	    768		    339		     2		   870
      47	    634		    426		     1		   513
      48	    590		     60		     1		   956
      49	    842		    365		     2		  1193
      50	    671		    124		     1		  1299
      51	    680		    251		     2		   768
      52	    615		    361		     1		   468
      53	    884		    356		     1		  1088
      54	    746		    384		     1		   923
      55	    687		    227		     2		  1046
      56	    855		    350		     1		  1417
      57	    656		    450		     2		   545
      58	    560		    459		     1		   272
      59	    451		     36		     2		  1359
      60	    747		     26		     1		  1939
      61	    753		    384		     1		   883
      62	    530		    259		     1		   717
      63	    739		    215		     4		   805
      64	    537		    267		     4		   897
      65	    742		    304		     4		  1159
      66	    509		    418		     1		   177
      67	    667		     17		     1		  1527
      68	    534		    297		     3		   651
      69	    605		    382		     1		   391
      70	    470		    482		     2		    85
      71	    817		    366		     3		   756
      72	    728		    264		     1		  1073
      73	    778		     44		     2		  1434
      74	    856		    360		     1		  1521
      75	    818		    284		     4		  1138
      76	    666		    107		     1		  1411
      77	    628		    378		     3		   667
      78	    538		    317		     2		   630
      79	    875		    290		     1		  1415
      80	    584		    145		     2		  1410
      81	    775		    378		     4		  1006
      82	    587		    443		     3		   309
      83	    535		    665		     1		   658
      84	    704		    153		     2		  1382
      85	    667		    448		     2		   626
      86	    557		    440		     1		   323
      87	    900		    308		     2		  1389
      88	    595		     73		     4		  1338
      89	    641		    474		     1		   336
      90	    597		    236		     1		   612
      91	    294		    448		     3		   822
      92	    852		    182		     1		  1478
      93	    526		    330		     1		   667
      94	    735		    460		     3		   559
      95	    901		    303		     1		  1156
      96	    639		    390		     3		   624
      97	    545		    395		     1		   311
      98	    494		      2		     5		  1732
      99	    741		    339		     1		   925
     100	    795		    456		     1		   882
     101	    783		    343		     3		   800
     102	    694		    224		     4		   866
     103	    756		     99		     1		  1164
     104	    698		    323		     1		   841
     105	    683		    222		     3		   872
     106	    704		    269		     3		   667
     107	    769		    321		     1		  1239
     108	    596		    321		     3		   500
     109	    605		    103		     2		   859
     110	    507		    448		     1		   107
     111	    567		    464		     2		   193
     112	    743		    205		     1		   862
     113	    622		    449		     2		   437
     114	    745		    269		     1		   709
     115	    634		    194		     1		   890
     116	    832		    312		     4		   835
     117	    796		    292		     1		  1183
     118	    662		     86		     2		  1311
     119	    608		    618		     1		   400
     120	    489		    267		     1		   469
     121	    837		    289		     3		   970
     122	    611		    550		     4		   420
     123	    749		    387		     1		   795
     124	    682		     81		     2		  1577
     125	    701		    170		     1		  1311
     126	    653		    414		     1		   607
     127	    584		     21		     2		  1218
     128	    668		    329		     1		   829
     129	    662		    288		     2		   955
     130	    897		    399		     2		  1254
     131	    770		    366		     2		  1038
     132	    540		    212		     1		   951
     133	    606		    309		     4		   710
     134	    581		    254		     1		   579
     135	    848		    381		     1		  1314
     136	    536		    445		     1		   134
     137	    531		     56		     1		  1070
     138	    707		    424		     1		   717
     139	    587		    191		     2		   887
     140	    770		    259		     3		  1432
     141	    823		    162		     2		  1429
     142	    644		    364		     1		   459
     143	    570		    186		     2		   914
     144	    552		    317		     4		   626
     145	    626		     88		     1		  1510
     146	    860		    274		     1		  1531
     147	    625		    323		     1		   682
     148	    654		    285		     2		   715
     149	    552		    440		     2		   271
     150	    810		    205		     1		  1090
     151	    628		     24		     1		  1932
     152	    728		    294		     2		  1080
     153	    727		    278		     2		   714
     154	    618		    336		     3		   496
     155	    725		    355		     1		   571
     156	    710		    139		     2		  1315
     157	    731		    373		     1		   904
     158	    349		    465		     1		   312
     159	    612		    377		     1		   474
     160	    604		    593		     2		   340
