INSTANCE:	X-n139-k46
VEHICLES:	46
CUSTOMERS:	139
TIME UB:	8452
VEHICLE SECTION
VEH. NO.	X_COORD		Y_COORD		CAPACITY	OCCUPANCY	Arr. T
       0	    140		    957		       4	        2	    78
       1	    138		    705		       4	        1	   324
       2	     61		    985		       5	        0	  8452
       3	    123		    601		       4	        1	   357
       4	    102		    478		       5	        0	  8452
       5	    805		    670		       4	        2	  1248
       6	    112		    344		       4	        2	   621
       7	     41		    527		       5	        2	   438
       8	    347		    199		       5	        1	   776
       9	     39		    781		       4	        0	  8452
      10	    697		    200		       4	        0	  8452
      11	    213		    837		       5	        1	   192
      12	    232		     78		       5	        0	  8452
      13	    738		    977		       4	        1	  1147
      14	    716		    652		       4	        0	  8452
      15	    632		    849		       4	        0	  8452
      16	    598		    253		       4	        1	  1022
      17	    701		    496		       4	        1	  1322
      18	    149		    746		       5	        0	  8452
      19	    643		    521		       5	        1	   816
      20	     90		     89		       4	        0	  8452
      21	    671		    542		       4	        0	  8452
      22	    967		    668		       4	        0	  8452
      23	     91		    956		       5	        0	  8452
      24	    537		    248		       5	        1	  1044
      25	    614		    240		       4	        1	  1300
      26	    120		    871		       4	        0	  8452
      27	    244		    424		       4	        0	  8452
      28	     45		    585		       4	        0	  8452
      29	    565		    769		       4	        0	  8452
      30	    846		    685		       5	        1	  1054
      31	    661		    294		       5	        1	  1459
      32	    343		    949		       4	        2	   374
      33	    175		    312		       5	        3	   640
      34	    930		    778		       4	        1	   878
      35	    715		    745		       5	        1	   832
      36	    527		    787		       5	        1	   535
      37	    357		    505		       4	        2	   778
      38	    482		     75		       5	        0	  8452
      39	    534		     29		       5	        0	  8452
      40	    685		    124		       4	        1	  1574
      41	    282		     94		       5	        2	  1624
      42	    930		    154		       5	        1	  1906
      43	    141		      5		       4	        1	  1270
      44	    354		    750		       4	        2	   430
      45	    287		      3		       5	        1	   958
CUSTOMER SECTION
CUST. NO.	X_COORD		Y_COORD		DEMAND		Arr. T
       0	    159		    917		     0		  8452
       1	    635		    200		     1		  2587
       2	    278		    907		     2		   413
       3	    875		     93		     1		  3207
       4	     10		    732		     1		   549
       5	    586		    657		     5		  1081
       6	    526		    176		     2		  1962
       7	    153		    622		     1		   686
       8	    452		    945		     1		  1172
       9	    456		    137		     1		  2901
      10	    884		    968		     2		  2805
      11	    688		    793		     1		  1961
      12	    117		    915		     1		    93
      13	    495		    325		     2		  1640
      14	    539		    967		     1		  1267
      15	    917		     58		     2		  3429
      16	    590		    316		     1		  1850
      17	    611		    998		     1		  1554
      18	    963		    878		     1		  3207
      19	    383		    531		     1		  1556
      20	    874		    734		     1		  1971
      21	    180		    943		     1		   119
      22	    789		    541		     1		  2103
      23	    626		    147		     3		  2837
      24	     56		    596		     3		  1126
      25	    941		    193		     2		  2802
      26	    437		    386		     2		  1494
      27	    440		    770		     1		   993
      28	    743		    623		     1		  1612
      29	    521		    398		     2		  2331
      30	    488		    747		     2		  1480
      31	    321		    734		     2		   576
      32	    521		    778		     2		  1059
      33	    333		     12		     1		  2221
      34	    199		    115		     2		  2979
      35	     83		    719		     1		   658
      36	    126		    148		     2		  2150
      37	    789		    437		     1		  3086
      38	    728		    336		     1		  2926
      39	    504		    704		     2		  1137
      40	    933		    949		     3		  1792
      41	    382		    130		     1		  2725
      42	    346		      2		     1		  2601
      43	    199		    892		     1		   157
      44	    400		     95		     1		  2961
      45	    148		    261		     1		  2466
      46	     29		    335		     2		  1767
      47	    913		    885		     2		  2468
      48	    293		    784		     1		   409
      49	    102		    962		     2		   218
      50	    372		    866		     1		   709
      51	    144		    223		     1		  2572
      52	    684		    899		     2		  2057
      53	    402		    636		     1		  1301
      54	    914		    323		     1		  3783
      55	    461		    953		     1		   857
      56	    826		    351		     2		  2736
      57	    780		    165		     3		  2158
      58	    935		     38		     1		  4132
      59	    927		    350		     1		  3709
      60	    754		    709		     4		  1656
      61	    784		    423		     2		  2404
      62	    849		    726		     1		  1977
      63	     74		    778		     3		   565
      64	    628		    487		     2		  2328
      65	    362		    568		     2		  1572
      66	    898		    759		     2		  2697
      67	    563		    171		     1		  2241
      68	    721		    637		     1		  2027
      69	    136		     83		     2		  2638
      70	    341		    955		     1		   710
      71	    892		    938		     2		  2711
      72	    659		    306		     3		  2628
      73	    791		    763		     2		  1409
      74	    747		    285		     2		  2011
      75	    641		    347		     3		  1767
      76	    654		     70		     1		  3553
      77	    887		    421		     1		  2978
      78	    310		    854		     3		   551
      79	    602		     66		     2		  3769
      80	    878		     10		     2		  2484
      81	    351		    797		     2		   846
      82	    995		    987		     3		  2242
      83	    722		    246		     1		  3187
      84	    847		    208		     2		  2445
      85	    577		    295		     1		  1731
      86	    899		    185		     3		  3601
      87	    230		    342		     1		  1257
      88	    438		    547		     3		  1649
      89	    968		    649		     3		  2302
      90	    214		    379		     2		  2136
      91	    242		    769		     1		   434
      92	    273		    194		     1		  2558
      93	     66		    727		     2		   572
      94	    354		    338		     1		  2162
      95	    725		    735		     2		  1831
      96	    411		    272		     2		  1693
      97	    481		    165		     1		  1919
      98	    121		    414		     1		  1428
      99	    492		     78		     1		  2472
     100	    794		    406		     2		  2382
     101	    736		    937		     1		  1252
     102	     87		     12		     1		  2592
     103	    963		    619		     1		  1832
     104	     61		    688		     1		   893
     105	    387		    244		     2		  2829
     106	    740		    242		     2		  3032
     107	    209		    571		     1		   889
     108	    631		    208		     1		  3312
     109	    280		     11		     1		  1984
     110	    226		     40		     2		  2363
     111	    161		    296		     1		  1416
     112	    839		     54		     1		  2539
     113	    814		    504		     4		  1868
     114	    236		    704		     2		   580
     115	    218		    618		     1		   912
     116	    526		    667		     3		  1120
     117	     87		    981		     2		   244
     118	    768		    197		     1		  2477
     119	    976		    122		     4		  3139
     120	    177		    712		     1		   814
     121	    449		    902		     1		  1009
     122	    492		     63		     2		  2634
     123	    761		    122		     1		  2984
     124	    609		    621		     1		  2090
     125	    478		    599		     1		  1265
     126	    239		    636		     3		  1147
     127	    619		    620		     1		  1785
     128	    275		     24		     2		  1885
     129	     68		    736		     2		   664
     130	    604		    737		     2		  1741
     131	     16		    561		     2		  1436
     132	    680		    254		     1		  2854
     133	    173		    171		     3		  2579
     134	    852		    978		     1		  1514
     135	    533		    757		     2		  1626
     136	    352		    957		     1		   735
     137	    409		    939		     1		   619
     138	    630		    902		     1		  1318
     139	    487		    220		     1		  2840
