INSTANCE:	X-n188-k62
VEHICLES:	62
CUSTOMERS:	188
TIME UB:	8443
VEHICLE SECTION
VEH. NO.	X_COORD		Y_COORD		CAPACITY	OCCUPANCY	Arr. T
       0	    350		     13		       5	        0	  8443
       1	    728		    230		       4	        0	  8443
       2	    468		    807		       5	        0	  8443
       3	    941		    589		       4	        0	  8443
       4	    498		     49		       4	        0	  8443
       5	    526		    137		       4	        1	  1104
       6	    563		    229		       5	        3	  1253
       7	    359		    893		       5	        0	  8443
       8	    362		    477		       5	        1	   639
       9	    526		    932		       4	        1	   944
      10	    825		    289		       4	        1	  1642
      11	     88		    535		       5	        0	  8443
      12	    836		    996		       5	        2	  1375
      13	    588		    159		       5	        0	  8443
      14	    496		    204		       4	        1	  1013
      15	    553		    879		       5	        0	  8443
      16	     34		    264		       5	        0	  8443
      17	    482		    329		       4	        3	   732
      18	    524		     66		       4	        0	  8443
      19	    708		    108		       4	        0	  8443
      20	    665		    375		       4	        0	  8443
      21	    821		    320		       5	        1	  1383
      22	    915		     72		       4	        0	  8443
      23	    525		    226		       4	        0	  8443
      24	     52		    593		       4	        1	   200
      25	     81		    238		       5	        0	  8443
      26	    956		    171		       5	        2	  1555
      27	    629		    745		       4	        1	   872
      28	    419		    256		       4	        1	   644
      29	    774		    336		       5	        2	  1125
      30	    605		    464		       4	        0	  8443
      31	    474		    937		       4	        2	   498
      32	    295		    406		       4	        1	   471
      33	    853		    358		       5	        0	  8443
      34	    491		    929		       5	        2	   668
      35	    564		     31		       4	        1	  1005
      36	    657		     82		       5	        0	  8443
      37	    470		     27		       4	        1	   940
      38	    440		    203		       5	        2	   948
      39	    400		    190		       5	        1	  1050
      40	     78		    835		       4	        1	   271
      41	     11		    938		       4	        2	   292
      42	    472		    104		       4	        2	  1007
      43	    753		    926		       5	        0	  8443
      44	    727		    302		       4	        1	  1107
      45	    770		     74		       5	        0	  8443
      46	    851		    445		       5	        2	   794
      47	    470		    925		       4	        0	  8443
      48	    935		    439		       5	        0	  8443
      49	    446		     37		       5	        1	  1409
      50	    275		    499		       4	        1	   296
      51	     47		    470		       5	        1	   355
      52	    616		    828		       5	        0	  8443
      53	    577		     95		       5	        0	  8443
      54	    630		    398		       4	        2	  1099
      55	    123		    479		       4	        0	  8443
      56	    407		    367		       5	        0	  8443
      57	    453		    844		       5	        0	  8443
      58	    453		     24		       4	        0	  8443
      59	    552		    367		       5	        0	  8443
      60	    523		    830		       4	        0	  8443
      61	    561		    920		       4	        1	   891
CUSTOMER SECTION
CUST. NO.	X_COORD		Y_COORD		DEMAND		Arr. T
       0	    112		    700		     0		  8443
       1	    363		    779		     2		   759
       2	    245		    896		     2		   564
       3	    238		     19		     1		  2602
       4	    184		    351		     2		  1178
       5	    305		    763		     1		   473
       6	    366		    814		     2		  1041
       7	    137		    857		     2		   547
       8	    303		    157		     3		  1157
       9	    134		    231		     5		  1869
      10	    740		    311		     2		  2668
      11	    163		     95		     3		  1468
      12	    470		    814		     1		  1462
      13	    453		    217		     1		  1799
      14	    818		    525		     2		  2219
      15	    311		    911		     1		   659
      16	    177		    374		     2		  1000
      17	    230		      4		     1		  2557
      18	    590		    302		     3		  1358
      19	    196		    103		     1		  1285
      20	    316		    446		     1		  1036
      21	    587		    609		     1		  1404
      22	    510		     95		     2		  1735
      23	    907		    455		     3		  2234
      24	    805		    956		     1		  2784
      25	    342		    345		     3		   998
      26	    785		    309		     1		  2535
      27	    649		    584		     2		  1788
      28	    850		     24		     4		  2470
      29	     26		    126		     2		  2011
      30	    447		    817		     1		  1239
      31	    145		    527		     2		   534
      32	    218		    825		     1		   471
      33	    405		    151		     3		  1417
      34	    389		    436		     2		  1441
      35	    452		    619		     2		  1275
      36	    948		    514		     2		  1744
      37	    578		    334		     3		  1401
      38	    325		    696		     1		   763
      39	    838		    842		     1		  2945
      40	    983		    788		     1		  2404
      41	    623		    549		     2		  1395
      42	    534		    537		     2		  1054
      43	    742		    581		     1		  1597
      44	     32		    964		     1		   782
      45	    747		    352		     1		  1963
      46	    610		    799		     1		  1302
      47	    786		    853		     2		  1960
      48	    506		    168		     2		  2460
      49	    755		    957		     1		  2078
      50	    408		     67		     2		  2053
      51	    485		    734		     1		  1034
      52	    508		    155		     3		  1895
      53	     68		     42		     1		  1893
      54	    817		    595		     1		  1524
      55	    397		    274		     1		  1304
      56	    216		    237		     1		  1847
      57	    516		    531		     4		  1504
      58	    614		    163		     2		  2815
      59	    128		    834		     2		   431
      60	    162		    534		     1		   418
      61	    279		    644		     1		   396
      62	    188		    329		     2		   869
      63	    520		    301		     3		  1887
      64	    336		    782		     4		   917
      65	    139		    848		     5		   411
      66	    350		    154		     3		  1718
      67	    242		    162		     3		  2016
      68	    791		    925		     1		  2353
      69	    907		    497		     3		  1718
      70	    786		    457		     2		  2777
      71	    641		     78		     1		  2764
      72	    232		    226		     3		   991
      73	    205		    840		     2		   449
      74	    932		    357		     1		  1783
      75	    917		    917		     1		  2305
      76	    325		    559		     1		   559
      77	    413		    373		     2		  1451
      78	    827		    881		     2		  1917
      79	    845		    263		     1		  3302
      80	    436		    200		     3		  1869
      81	    940		    319		     2		  3613
      82	    325		     59		     1		  2168
      83	    322		     89		     1		  1317
      84	    757		     29		     2		  2858
      85	    287		    304		     1		  1210
      86	    288		    406		     3		  1235
      87	    287		    623		     2		   716
      88	     60		    445		     1		   734
      89	    978		    511		     1		  2745
      90	    818		    184		     2		  2939
      91	    462		    934		     2		  1407
      92	    506		     33		     2		  2813
      93	    599		    895		     1		  1461
      94	    364		     90		     1		  1401
      95	    504		     28		     2		  2420
      96	    304		    854		     3		   663
      97	    544		    127		     2		  1602
      98	    343		    127		     1		  1300
      99	    422		    270		     1		  1186
     100	    493		     36		     1		  1888
     101	    230		    995		     1		   748
     102	    675		    278		     3		  2559
     103	    495		    428		     1		  1610
     104	    535		     57		     2		  3035
     105	    684		    158		     2		  2706
     106	    507		     67		     3		  2174
     107	    654		    332		     1		  1870
     108	    585		    226		     1		  1675
     109	    479		    288		     1		  2107
     110	    473		    898		     2		   855
     111	    618		     85		     2		  1882
     112	    433		    373		     2		  1125
     113	    409		    207		     2		  1174
     114	    488		     29		     1		  1773
     115	    531		    204		     1		  2203
     116	    546		    212		     1		  2313
     117	    534		    887		     1		  1287
     118	    546		     47		     1		  2984
     119	    612		    177		     1		  1933
     120	    565		    128		     1		  1898
     121	    597		    299		     2		  2169
     122	    433		    936		     1		  1106
     123	    538		     29		     1		  1772
     124	    559		    181		     2		  2056
     125	    326		    841		     2		   814
     126	    533		     86		     3		  1850
     127	    503		    136		     1		  2737
     128	    557		    307		     1		  2119
     129	    720		    957		     1		  2515
     130	    515		    103		     1		  2801
     131	    338		    918		     1		   712
     132	    427		    792		     3		  1132
     133	    441		    297		     2		  1462
     134	    764		    238		     1		  2093
     135	    504		    147		     1		  1619
     136	    488		     66		     1		  1595
     137	    509		    204		     2		  1748
     138	    575		    226		     2		  2488
     139	    596		    931		     1		  1217
     140	    578		    922		     1		  1255
     141	    496		    161		     2		  1658
     142	    361		    962		     3		   826
     143	    539		    869		     1		   964
     144	    460		    149		     1		  1466
     145	    448		     49		     2		  2798
     146	    609		    100		     1		  2922
     147	    537		      7		     2		  3177
     148	    537		    228		     1		  1361
     149	    697		     29		     1		  2610
     150	    440		    120		     1		  2143
     151	    469		    264		     1		  1444
     152	    425		    950		     2		  1388
     153	    562		    167		     2		  1646
     154	    523		     61		     2		  1546
     155	    572		     82		     1		  2585
     156	    423		    903		     1		  1175
     157	    451		    908		     4		  1218
     158	    513		    236		     1		  2233
     159	    628		    934		     2		  1893
     160	    632		     84		     1		  1790
     161	    528		     30		     1		  2016
     162	    490		      1		     2		  1763
     163	    508		    184		     1		  1531
     164	    635		     25		     2		  1734
     165	    490		    104		     2		  2199
     166	    528		      2		     5		  2758
     167	    434		    938		     1		  1571
     168	    482		    957		     1		  1690
     169	    457		    847		     1		  1251
     170	    495		    287		     2		  1212
     171	    183		    354		     2		  1045
     172	    563		    201		     1		  1552
     173	    444		    930		     2		   899
     174	    814		    278		     2		  3130
     175	    521		    240		     4		  1928
     176	    598		    325		     1		  1669
     177	    557		    228		     4		  1899
     178	    665		    287		     1		  1387
     179	    549		    277		     2		  1968
     180	    499		    922		     1		  1654
     181	    522		    337		     3		  1375
     182	    442		    130		     3		  1654
     183	    559		    398		     1		  1367
     184	    498		     46		     4		  2731
     185	    564		    162		     4		  1727
     186	    524		    193		     1		  2484
     187	    515		    935		     2		  1441
     188	    605		    773		     2		  1756
