INSTANCE:	X-n282-k93
VEHICLES:	93
CUSTOMERS:	282
TIME UB:	8477
VEHICLE SECTION
VEH. NO.	X_COORD		Y_COORD		CAPACITY	OCCUPANCY	Arr. T
       0	    792		    147		       5	        0	  8477
       1	     89		    845		       4	        1	  1286
       2	    817		    624		       5	        1	  1673
       3	    420		     88		       5	        1	   823
       4	    386		    478		       4	        0	  8477
       5	     57		    298		       5	        0	  8477
       6	    316		    915		       4	        0	  8477
       7	    636		    482		       4	        2	  1207
       8	    330		    488		       5	        1	   883
       9	    897		     63		       5	        1	  1792
      10	      1		    481		       4	        1	   793
      11	    228		    228		       5	        0	  8477
      12	    820		    815		       5	        3	  2106
      13	    473		    750		       5	        0	  8477
      14	    236		    130		       5	        0	  8477
      15	    703		    619		       4	        1	  1104
      16	    469		    527		       4	        0	  8477
      17	    939		    801		       4	        1	  1461
      18	    989		    233		       4	        1	  1630
      19	    602		    512		       4	        1	  1124
      20	    819		    522		       5	        2	  1303
      21	    589		    379		       5	        0	  8477
      22	    436		    824		       5	        0	  8477
      23	    913		    714		       5	        0	  8477
      24	    938		    599		       5	        0	  8477
      25	    641		    435		       5	        1	  1343
      26	     95		    447		       4	        2	   772
      27	    538		    110		       5	        0	  8477
      28	    954		    189		       4	        0	  8477
      29	    429		    956		       4	        0	  8477
      30	    758		    153		       4	        1	  1096
      31	    140		    724		       5	        2	  1472
      32	    903		    330		       4	        0	  8477
      33	    554		    351		       4	        3	  1170
      34	    537		    263		       4	        0	  8477
      35	    434		    329		       5	        1	   986
      36	    374		     19		       5	        0	  8477
      37	    883		    899		       5	        0	  8477
      38	    994		    111		       4	        2	  1599
      39	    821		    476		       5	        0	  8477
      40	    134		    106		       5	        1	   231
      41	    647		     72		       5	        1	   831
      42	    732		    350		       4	        0	  8477
      43	    993		    233		       4	        0	  8477
      44	    204		    791		       4	        0	  8477
      45	    378		     53		       5	        1	   757
      46	    603		    863		       5	        0	  8477
      47	    341		    918		       4	        1	  1582
      48	     51		    162		       5	        0	  8477
      49	    987		    849		       4	        0	  8477
      50	    685		    705		       4	        1	  1134
      51	    831		    984		       5	        1	  1797
      52	    251		    208		       5	        0	  8477
      53	    330		     90		       4	        0	  8477
      54	    707		    963		       4	        2	  1721
      55	    150		     56		       4	        0	  8477
      56	    184		    528		       5	        1	   991
      57	    645		     62		       4	        2	   671
      58	    609		    350		       5	        0	  8477
      59	    563		    205		       4	        0	  8477
      60	    157		    938		       4	        0	  8477
      61	    305		    760		       5	        0	  8477
      62	    929		    245		       4	        0	  8477
      63	    785		      0		       5	        0	  8477
      64	    153		    521		       5	        2	   921
      65	    320		    130		       4	        2	   359
      66	    922		    783		       4	        0	  8477
      67	    653		    222		       5	        0	  8477
      68	    683		    254		       5	        4	   827
      69	    418		    966		       5	        1	  1642
      70	    151		    492		       5	        0	  8477
      71	    601		    486		       4	        2	  1050
      72	    391		     92		       4	        1	   750
      73	    240		    808		       5	        1	  1137
      74	    484		    573		       5	        1	  1020
      75	    344		    325		       5	        0	  8477
      76	    992		    800		       5	        1	  1447
      77	    537		    418		       4	        2	  1263
      78	    538		    891		       5	        0	  8477
      79	     18		    275		       5	        1	   376
      80	    285		    336		       5	        0	  8477
      81	    531		     25		       4	        0	  8477
      82	     96		    519		       4	        3	   823
      83	    453		     64		       5	        0	  8477
      84	    603		    102		       5	        0	  8477
      85	    863		    957		       5	        1	  1590
      86	    859		    823		       5	        0	  8477
      87	    765		    502		       4	        0	  8477
      88	    730		    753		       5	        0	  8477
      89	    180		    793		       5	        1	  1130
      90	    450		     97		       5	        0	  8477
      91	     87		     78		       4	        1	   154
      92	    767		    595		       5	        2	  1711
CUSTOMER SECTION
CUST. NO.	X_COORD		Y_COORD		DEMAND		Arr. T
       0	      0		      0		     0		  8477
       1	    989		    944		     1		  4001
       2	      5		    730		     1		  2718
       3	    769		    200		     2		  2024
       4	    698		    515		     2		  3033
       5	     72		    561		     2		  1576
       6	     52		    397		     1		  1095
       7	    839		    271		     1		  2665
       8	    339		    580		     1		  1577
       9	     30		    850		     4		  2297
      10	    555		    844		     1		  3283
      11	    388		    709		     1		  2423
      12	    323		    438		     3		  1112
      13	    159		    983		     1		  3888
      14	    644		    167		     2		  1374
      15	    766		    151		     4		  2322
      16	    387		    690		     1		  1742
      17	    193		    140		     1		   614
      18	    863		    192		     1		  1917
      19	    149		    123		     1		   438
      20	    609		    119		     1		  1701
      21	    121		    204		     3		   511
      22	    625		    537		     1		  3052
      23	    716		    123		     1		  2235
      24	      8		    219		     1		   764
      25	    844		    970		     1		  4420
      26	    661		     66		     1		  2629
      27	    347		    202		     2		  1148
      28	    979		    314		     1		  4112
      29	    255		    772		     1		  2321
      30	    634		    504		     1		  2028
      31	    466		     48		     3		  1824
      32	    251		    486		     2		  1673
      33	    758		    203		     3		  2566
      34	    524		    280		     1		  1369
      35	    798		     71		     1		  2257
      36	    212		    595		     1		  2460
      37	    967		    478		     1		  3119
      38	    504		    429		     2		  1655
      39	    581		    534		     2		  2831
      40	    605		    414		     2		  2451
      41	    640		    692		     3		  2396
      42	    287		    432		     1		  1791
      43	    641		    771		     3		  2598
      44	     53		    374		     1		   872
      45	     63		    976		     1		  3528
      46	    519		    235		     1		  1966
      47	    485		    226		     4		  1590
      48	    433		    168		     3		  1001
      49	    884		    433		     3		  3807
      50	    142		    134		     1		   755
      51	    234		    394		     2		  1288
      52	    815		    622		     1		  2972
      53	    130		    999		     4		  2288
      54	    655		    588		     2		  3052
      55	     16		    235		     3		   519
      56	    503		    614		     1		  2280
      57	    477		    489		     1		  1527
      58	    689		    289		     2		  1827
      59	    631		    868		     1		  2705
      60	    304		    743		     1		  2291
      61	    624		     81		     1		  1323
      62	    338		    865		     2		  2967
      63	    312		    157		     1		   919
      64	    189		    201		     1		  1064
      65	    277		    903		     5		  2096
      66	    906		    949		     2		  4294
      67	    746		    904		     2		  3302
      68	    557		    409		     1		  2083
      69	    854		    201		     1		  2632
      70	     50		     20		     1		   110
      71	    584		    875		     1		  2809
      72	    316		    741		     2		  2295
      73	    377		    988		     3		  2854
      74	    371		    762		     2		  2796
      75	    401		    741		     1		  3016
      76	    890		    126		     1		  2242
      77	    797		    335		     3		  2732
      78	      9		    301		     1		   613
      79	    923		    259		     1		  2692
      80	    586		    782		     2		  1956
      81	    103		     99		     1		   363
      82	    166		    987		     3		  2059
      83	    896		    750		     3		  3759
      84	    383		     86		     1		   879
      85	    590		     78		     2		  1711
      86	     40		    554		     4		  1509
      87	    755		    120		     1		  1829
      88	    279		    404		     1		  1483
      89	    667		    931		     2		  4126
      90	    237		    925		     2		  3703
      91	    755		    779		     1		  2350
      92	    607		    107		     1		  1244
      93	    744		    130		     1		  2008
      94	    469		    142		     3		  1841
      95	    491		     28		     2		  1956
      96	    329		    925		     1		  3225
      97	    933		    714		     1		  4276
      98	    391		    982		     2		  2263
      99	    730		    604		     1		  3233
     100	    831		    894		     1		  2639
     101	    355		    206		     2		  1272
     102	    382		    353		     1		  1640
     103	    887		    133		     2		  3429
     104	    286		    835		     1		  1898
     105	    103		    743		     3		  1657
     106	    929		    750		     1		  4052
     107	    689		    515		     2		  3153
     108	    713		    261		     2		  2891
     109	    465		    494		     1		  2258
     110	    282		    745		     2		  3041
     111	    887		    949		     2		  3907
     112	    174		    187		     1		   874
     113	    982		     13		     1		  2246
     114	     25		    851		     1		  2220
     115	    774		    690		     2		  3641
     116	    722		    969		     1		  3784
     117	    133		    115		     3		   499
     118	    175		    663		     1		  2083
     119	    469		    233		     2		  1697
     120	    325		     78		     1		   837
     121	    166		    547		     1		  1890
     122	    416		    965		     3		  3892
     123	    284		    119		     3		   943
     124	    169		    541		     1		  1490
     125	    302		     72		     1		   674
     126	    537		      7		     3		  1277
     127	     59		    816		     1		  2272
     128	    139		     74		     1		   445
     129	    495		    746		     1		  3134
     130	    890		    453		     1		  2708
     131	    719		    235		     2		  2844
     132	    700		    645		     2		  3302
     133	    400		     49		     3		   815
     134	    293		    179		     3		   735
     135	    104		    271		     3		   807
     136	    882		    906		     5		  4681
     137	    701		    394		     1		  2727
     138	     18		    221		     2		   603
     139	    819		    101		     1		  2383
     140	    971		    397		     1		  2542
     141	    454		    960		     1		  2981
     142	    348		    657		     3		  2657
     143	    745		    122		     1		  1567
     144	      3		    510		     3		  1075
     145	    981		    283		     1		  2714
     146	    167		    323		     3		  1005
     147	    869		    880		     2		  2895
     148	    844		    154		     1		  2366
     149	     53		    544		     2		  1334
     150	    443		    825		     2		  3391
     151	    879		    809		     1		  3946
     152	    402		     59		     2		  1251
     153	    719		     31		     1		  2652
     154	    664		    737		     1		  2152
     155	    541		    249		     2		  1688
     156	    615		    578		     2		  1767
     157	    821		    381		     1		  2973
     158	    594		    837		     2		  2216
     159	    331		    365		     2		  1185
     160	    145		    850		     2		  3424
     161	    147		     59		     2		   333
     162	    138		    140		     1		   669
     163	    354		    240		     4		  1030
     164	    435		    976		     1		  3221
     165	    917		    593		     1		  4287
     166	    504		    643		     1		  1828
     167	    552		     29		     1		  2189
     168	    420		    473		     1		  1633
     169	    576		    665		     2		  2425
     170	    648		    637		     5		  1872
     171	     55		     92		     1		   296
     172	    635		    236		     3		  2629
     173	    561		    629		     1		  1952
     174	    743		    136		     3		  2800
     175	    686		     38		     2		  2171
     176	    415		    672		     2		  2780
     177	    678		    523		     3		  3080
     178	    834		     48		     2		  2229
     179	    868		    224		     4		  1927
     180	    786		    394		     1		  2539
     181	    132		    915		     2		  2724
     182	    513		     74		     2		  1573
     183	    757		    295		     4		  2855
     184	    398		    959		     4		  2150
     185	    360		     94		     2		   991
     186	    506		    114		     2		  1046
     187	    699		    907		     1		  3821
     188	    842		     46		     3		  3083
     189	    434		    756		     1		  1808
     190	    628		    184		     1		  1442
     191	    287		    889		     2		  1935
     192	     22		    999		     1		  3685
     193	    681		    762		     3		  4039
     194	    750		    278		     1		  1750
     195	    652		    340		     1		  2655
     196	    788		     95		     2		  2530
     197	    395		    854		     2		  3115
     198	    144		    957		     1		  3398
     199	    404		    597		     4		  2506
     200	    849		    288		     2		  2692
     201	    321		    355		     1		  1568
     202	    294		     41		     1		  1186
     203	     43		    501		     1		  1631
     204	    175		    695		     1		  2748
     205	    439		    486		     1		  1514
     206	    949		    443		     1		  2413
     207	    245		    169		     4		   620
     208	    848		    143		     3		  3386
     209	    198		    396		     1		   886
     210	    703		    624		     3		  2462
     211	    126		      2		     4		   320
     212	    659		    523		     3		  2786
     213	    370		    702		     1		  2380
     214	    528		    268		     2		  1306
     215	    630		    555		     2		  2786
     216	    568		    848		     1		  3407
     217	     92		    747		     2		  1849
     218	    126		    152		     1		   656
     219	    875		    151		     1		  3021
     220	    598		    777		     2		  3347
     221	    527		    104		     2		  1324
     222	    112		    727		     1		  1965
     223	    697		     29		     1		  1672
     224	    243		    155		     1		   654
     225	    195		    437		     3		  1551
     226	    563		    820		     2		  3252
     227	    583		    383		     2		  1902
     228	    645		     77		     1		  1423
     229	    174		    884		     1		  2382
     230	    193		    643		     1		  1711
     231	    336		    319		     3		  1520
     232	    998		    266		     1		  2498
     233	    990		    922		     1		  5247
     234	    753		    566		     3		  2424
     235	    646		    537		     1		  2037
     236	    412		    328		     2		  2105
     237	    344		    512		     2		  2215
     238	    625		    949		     1		  3326
     239	    680		    428		     1		  2653
     240	    135		    843		     1		  2819
     241	    171		     19		     3		   462
     242	    405		    150		     2		  1630
     243	    146		    654		     1		  2519
     244	     82		    631		     1		  2410
     245	    417		    950		     3		  3013
     246	    121		    982		     2		  2453
     247	    209		    292		     1		  1361
     248	    180		    796		     3		  2077
     249	    628		    521		     1		  2392
     250	    820		    662		     2		  2589
     251	    596		    600		     1		  2850
     252	    605		    229		     2		  1962
     253	    899		    216		     1		  3148
     254	    304		    713		     2		  2039
     255	    470		    857		     1		  2275
     256	    811		    886		     2		  3424
     257	    230		    919		     4		  3456
     258	    258		    429		     1		  1500
     259	    674		    351		     1		  2749
     260	     20		     95		     3		   245
     261	    136		    129		     2		   675
     262	     62		    213		     1		   508
     263	    852		    852		     1		  4215
     264	    435		    522		     1		  1760
     265	    518		    452		     3		  2212
     266	    816		    415		     2		  2966
     267	    472		    154		     1		  1327
     268	    893		     13		     1		  3185
     269	    579		    281		     5		  1924
     270	    490		    482		     3		  2529
     271	    890		    711		     3		  4180
     272	    552		    802		     1		  2183
     273	    667		    416		     4		  2886
     274	    571		    581		     1		  2518
     275	     71		    227		     2		   683
     276	    311		     90		     2		  1206
     277	    598		    723		     1		  3622
     278	    845		    677		     1		  2769
     279	    528		    124		     2		  1832
     280	    321		    456		     2		  1474
     281	    978		    276		     2		  2747
     282	    239		    960		     2		  2063
