INSTANCE:	X-n216-k72
VEHICLES:	72
CUSTOMERS:	216
TIME UB:	8469
VEHICLE SECTION
VEH. NO.	X_COORD		Y_COORD		CAPACITY	OCCUPANCY	Arr. T
       0	    317		    258		       4	        4	   697
       1	     28		    627		       5	        1	  1165
       2	    718		    660		       5	        0	  8469
       3	    537		    927		       4	        0	  8469
       4	    583		    474		       4	        2	  1342
       5	    638		    958		       5	        1	  1942
       6	     77		    544		       4	        3	  1079
       7	    282		    617		       5	        1	  1028
       8	    159		    590		       4	        0	  8469
       9	    119		    626		       4	        2	  1137
      10	    642		    362		       5	        0	  8469
      11	    543		    582		       4	        3	  1393
      12	     42		    480		       5	        1	   590
      13	    811		    730		       5	        0	  8469
      14	    167		    100		       5	        0	  8469
      15	     17		     65		       5	        0	  8469
      16	    929		    876		       4	        0	  8469
      17	    129		    299		       5	        0	  8469
      18	    203		    173		       5	        2	   343
      19	    215		    135		       5	        1	   385
      20	    263		    184		       5	        0	  8469
      21	    328		    921		       5	        1	  1527
      22	    152		    615		       5	        1	   803
      23	    518		    554		       4	        3	   800
      24	    287		    975		       5	        1	  1528
      25	    904		    911		       4	        0	  8469
      26	    588		    662		       5	        3	  1764
      27	    217		    664		       5	        0	  8469
      28	     80		    515		       5	        2	   533
      29	    224		    537		       4	        1	   953
      30	    692		    422		       5	        0	  8469
      31	    467		    248		       4	        0	  8469
      32	    283		     63		       4	        0	  8469
      33	    602		    325		       5	        0	  8469
      34	    493		    652		       5	        0	  8469
      35	    768		    627		       5	        0	  8469
      36	    474		    629		       5	        0	  8469
      37	    706		    738		       4	        1	  1540
      38	    319		    178		       4	        0	  8469
      39	    881		    541		       5	        0	  8469
      40	    787		    828		       5	        1	  1998
      41	    429		    815		       4	        0	  8469
      42	    448		    185		       4	        0	  8469
      43	    868		    337		       4	        0	  8469
      44	    651		    231		       4	        0	  8469
      45	    535		    775		       4	        0	  8469
      46	     69		     12		       4	        1	   115
      47	    557		    864		       5	        1	  1954
      48	     80		    288		       5	        0	  8469
      49	     53		    476		       5	        1	   897
      50	     53		    418		       5	        3	   825
      51	    396		     41		       5	        2	   615
      52	    890		    942		       5	        0	  8469
      53	    859		    142		       5	        0	  8469
      54	    321		     27		       4	        0	  8469
      55	    982		    753		       5	        0	  8469
      56	    634		    888		       4	        0	  8469
      57	    201		    545		       4	        2	  1144
      58	    814		    534		       4	        0	  8469
      59	    286		    417		       4	        0	  8469
      60	    448		    624		       4	        1	  1374
      61	    354		    944		       5	        1	  1153
      62	      0		    426		       5	        0	  8469
      63	    194		    131		       5	        1	   323
      64	    217		    331		       4	        0	  8469
      65	    188		    452		       5	        0	  8469
      66	     49		     34		       5	        0	  8469
      67	    174		    325		       4	        0	  8469
      68	     24		     40		       4	        2	    90
      69	    538		    772		       5	        0	  8469
      70	     82		    292		       4	        0	  8469
      71	    101		    555		       4	        1	   951
CUSTOMER SECTION
CUST. NO.	X_COORD		Y_COORD		DEMAND		Arr. T
       0	      0		      0		     0		  8469
       1	    543		    815		     1		  2565
       2	     42		    920		     1		  2000
       3	    545		     80		     2		  1521
       4	    681		    950		     2		  3581
       5	    870		    118		     3		  2068
       6	    787		    220		     3		  2037
       7	    180		    838		     2		  1790
       8	    442		    620		     2		  1980
       9	    747		    569		     2		  3420
      10	    932		     48		     1		  3338
      11	     14		    356		     2		  1099
      12	    603		    228		     1		  2563
      13	    772		    573		     1		  2646
      14	    811		    359		     1		  2441
      15	    373		     37		     1		  1301
      16	    489		    543		     5		  1905
      17	     37		    771		     1		  1949
      18	     96		     62		     2		   301
      19	    326		    729		     4		  2137
      20	    653		    724		     1		  3558
      21	    226		    759		     1		  2125
      22	    481		     44		     3		  1035
      23	    100		    882		     1		  2918
      24	    989		    512		     1		  4448
      25	    600		     42		     3		  1238
      26	    346		    479		     2		  1453
      27	    612		    457		     1		  2395
      28	     70		    468		     3		  1193
      29	    502		    909		     1		  3710
      30	    595		    503		     2		  1827
      31	    819		    948		     2		  3304
      32	    771		    355		     1		  2936
      33	    372		    196		     2		  1364
      34	    232		    518		     3		  1976
      35	    110		    835		     1		  2365
      36	    567		    348		     1		  1348
      37	      6		    211		     1		   451
      38	     96		    183		     1		   775
      39	    105		    479		     3		  1122
      40	    873		    333		     1		  2702
      41	    468		    199		     1		  1118
      42	    536		    120		     2		  2016
      43	    968		    540		     2		  2980
      44	    125		    145		     5		   436
      45	    752		    850		     1		  2288
      46	    703		    395		     2		  2697
      47	    498		    832		     1		  2030
      48	    343		    962		     3		  2456
      49	    976		    636		     1		  3300
      50	    981		    353		     2		  3667
      51	    625		    324		     2		  1698
      52	    622		    728		     4		  3283
      53	    855		    827		     2		  3154
      54	    792		    443		     1		  2667
      55	    760		    751		     1		  3962
      56	    972		    417		     2		  4103
      57	    694		    214		     1		  2282
      58	     38		     91		     1		   371
      59	    294		    791		     1		  3336
      60	    691		    154		     1		  2700
      61	    930		    792		     1		  3140
      62	    579		    279		     2		  2242
      63	    431		    909		     1		  2648
      64	    615		    264		     4		  2175
      65	     49		    414		     3		  1083
      66	    883		    478		     4		  4002
      67	    627		    564		     1		  2576
      68	     40		    434		     3		  1484
      69	    896		    694		     3		  3010
      70	    716		    586		     2		  3299
      71	    607		    343		     2		  1485
      72	    675		    244		     1		  2174
      73	    199		    880		     2		  2941
      74	    998		    855		     1		  5110
      75	     58		    700		     1		  2182
      76	    221		    510		     1		  1883
      77	    944		    282		     1		  2549
      78	    254		    558		     2		  1357
      79	    428		    165		     1		  1799
      80	    848		    305		     2		  2857
      81	    860		    100		     3		  1829
      82	    602		    620		     2		  3345
      83	    437		     55		     1		  1520
      84	    922		    348		     1		  3186
      85	    433		    776		     2		  3292
      86	    891		    306		     2		  2716
      87	    211		    731		     2		  1705
      88	    408		    859		     2		  2936
      89	    492		    322		     3		  2335
      90	    581		    746		     3		  3630
      91	    365		    161		     1		   837
      92	    568		    646		     1		  2073
      93	    456		     81		     5		  1710
      94	    477		    162		     1		  2014
      95	    429		    844		     1		  3512
      96	    130		    972		     1		  3232
      97	    563		    135		     2		  1506
      98	    414		    696		     1		  2514
      99	    547		     90		     2		  2055
     100	    526		    440		     2		  1764
     101	     11		    791		     1		  2005
     102	    745		    430		     1		  2066
     103	     34		    925		     1		  2393
     104	     84		    298		     1		   643
     105	     12		    489		     1		  1556
     106	    140		    132		     1		   406
     107	    755		    784		     1		  3989
     108	    948		    889		     2		  4671
     109	    609		    322		     1		  2047
     110	    880		    525		     2		  3124
     111	    649		    744		     1		  2052
     112	    643		    684		     2		  3067
     113	    769		    790		     3		  2217
     114	    731		    709		     1		  2898
     115	    225		    726		     2		  2121
     116	    596		    265		     5		  2528
     117	    634		    256		     2		  2581
     118	    663		    359		     2		  2406
     119	    166		    640		     3		  2084
     120	    520		    270		     1		  1363
     121	    112		    399		     1		  1636
     122	    150		    168		     2		   761
     123	    122		    330		     1		  1321
     124	    127		    502		     1		  1272
     125	    775		    687		     1		  4128
     126	     13		    620		     1		  1637
     127	     68		    320		     1		  1032
     128	    841		    798		     2		  3025
     129	    174		    366		     1		   988
     130	    145		    248		     1		   714
     131	    419		    444		     1		  2137
     132	    879		    792		     2		  3329
     133	    123		    355		     1		   980
     134	    986		    847		     3		  3534
     135	    948		    915		     2		  4978
     136	    875		    393		     2		  2336
     137	    117		    315		     1		  1215
     138	    662		    329		     3		  2215
     139	     34		    517		     1		  1132
     140	     73		    159		     1		   577
     141	    192		    202		     4		   781
     142	    881		    867		     3		  3991
     143	    766		    781		     2		  4188
     144	    660		    798		     1		  3989
     145	    184		    487		     1		  1966
     146	     75		    367		     1		   765
     147	    192		    700		     3		  1647
     148	    277		    151		     1		   785
     149	      9		    455		     3		  1158
     150	    605		    301		     2		  2354
     151	    102		    332		     1		  1226
     152	    193		    612		     2		  1639
     153	    606		    304		     1		  1513
     154	     50		    417		     2		   944
     155	     61		    343		     4		  1218
     156	     79		    416		     1		  1089
     157	    257		    315		     1		  1080
     158	    892		    734		     1		  3393
     159	    130		    120		     1		   466
     160	     91		    213		     2		   658
     161	    679		    826		     1		  4006
     162	    634		    319		     1		  2116
     163	    698		    259		     2		  2612
     164	    664		    283		     1		  2586
     165	    316		    692		     1		  2094
     166	    583		    308		     1		  2065
     167	    552		    300		     1		  2340
     168	    921		    841		     1		  2591
     169	    884		    682		     2		  3908
     170	    846		    789		     2		  3043
     171	    141		     84		     3		   639
     172	    151		    452		     2		  1612
     173	    593		    205		     3		  1294
     174	    126		    511		     2		  1519
     175	    998		    988		     3		  5229
     176	    126		    279		     3		   779
     177	     65		    479		     2		  1928
     178	    916		    983		     2		  3763
     179	    465		    504		     3		  2167
     180	     11		    435		     3		  1703
     181	    328		     87		     2		   877
     182	    341		    495		     2		  1564
     183	     75		    221		     1		   478
     184	     12		    139		     1		   449
     185	    712		    863		     1		  3626
     186	    854		    920		     3		  4912
     187	     95		    312		     1		   665
     188	     65		    272		     3		   862
     189	    700		    806		     1		  3683
     190	     36		    551		     1		  2059
     191	    200		    578		     1		  1238
     192	    572		    402		     1		  1889
     193	    695		    326		     1		  2455
     194	    957		    880		     3		  4983
     195	    120		    604		     1		  1332
     196	    998		    976		     2		  4500
     197	    736		    914		     4		  4150
     198	    252		    343		     1		  1075
     199	    653		    922		     2		  4255
     200	    726		    784		     1		  3953
     201	    171		    218		     1		   690
     202	    170		    515		     3		  1630
     203	    932		    944		     2		  4086
     204	    594		    876		     2		  3474
     205	    169		     35		     1		   656
     206	    149		    580		     3		  2350
     207	    758		    826		     1		  2503
     208	    878		    954		     2		  2761
     209	    728		    812		     1		  2533
     210	    141		    498		     2		  1802
     211	    149		    103		     2		   649
     212	    671		    370		     1		  2858
     213	    256		    559		     1		  2386
     214	    115		    233		     3		   734
     215	    605		    283		     1		  1648
     216	    880		    764		     1		  4236
