INSTANCE:	X-n351-k117
VEHICLES:	117
CUSTOMERS:	351
TIME UB:	8469
VEHICLE SECTION
VEH. NO.	X_COORD		Y_COORD		CAPACITY	OCCUPANCY	Arr. T
       0	    752		    777		       4	        0	  8469
       1	    354		    700		       5	        0	  8469
       2	      5		    250		       4	        1	   391
       3	    693		    522		       5	        0	  8469
       4	    675		    367		       4	        0	  8469
       5	    367		    227		       4	        2	   736
       6	    933		    156		       4	        1	  1657
       7	    969		    429		       5	        2	  1789
       8	    228		    390		       4	        0	  8469
       9	    889		    960		       5	        1	  2611
      10	    194		     17		       5	        0	  8469
      11	    839		    121		       4	        1	   944
      12	    216		    492		       4	        2	   566
      13	    915		    807		       4	        2	  2095
      14	    289		    778		       4	        0	  8469
      15	    107		    489		       4	        0	  8469
      16	    217		    110		       5	        1	   449
      17	    329		    374		       4	        1	   601
      18	    381		    583		       5	        0	  8469
      19	    422		    503		       4	        1	  1095
      20	    992		    408		       5	        2	  1248
      21	    851		    866		       4	        1	  1617
      22	    426		    876		       5	        0	  8469
      23	    139		    138		       4	        2	   374
      24	    281		    282		       5	        0	  8469
      25	    955		    452		       4	        0	  8469
      26	    169		    845		       5	        0	  8469
      27	     46		    832		       5	        0	  8469
      28	    267		    601		       5	        0	  8469
      29	    842		    664		       4	        0	  8469
      30	    244		    385		       5	        1	   478
      31	    811		    711		       4	        0	  8469
      32	    658		    831		       5	        1	  1339
      33	    942		    386		       5	        0	  8469
      34	    109		    163		       4	        0	  8469
      35	    879		    336		       4	        1	  1041
      36	     74		    677		       5	        0	  8469
      37	    522		    918		       4	        0	  8469
      38	    649		    477		       4	        0	  8469
      39	    914		    830		       4	        0	  8469
      40	    404		    544		       4	        3	   853
      41	    306		    573		       5	        1	  1208
      42	    248		     71		       5	        0	  8469
      43	    896		    105		       5	        0	  8469
      44	    347		     51		       4	        0	  8469
      45	    388		    863		       4	        1	  1262
      46	    154		    936		       4	        0	  8469
      47	    360		    726		       5	        1	  1149
      48	    272		    677		       5	        2	  1082
      49	    485		    432		       5	        1	   922
      50	    102		    734		       4	        0	  8469
      51	    337		    182		       4	        1	   391
      52	    430		     40		       5	        1	   678
      53	    226		    532		       4	        2	   851
      54	    285		    973		       5	        1	  1978
      55	    265		    524		       5	        0	  8469
      56	    943		    972		       4	        0	  8469
      57	    934		    353		       4	        1	  1233
      58	    101		    663		       4	        1	  1316
      59	    645		    819		       4	        1	  1071
      60	    930		    830		       4	        0	  8469
      61	    952		    221		       4	        0	  8469
      62	    546		    142		       5	        1	  1047
      63	    933		    471		       5	        1	  1492
      64	    407		    737		       5	        0	  8469
      65	     71		    215		       5	        0	  8469
      66	    292		    117		       5	        0	  8469
      67	    399		     40		       5	        0	  8469
      68	    205		    379		       4	        1	   849
      69	    802		    102		       5	        2	  1476
      70	    772		    316		       5	        0	  8469
      71	    950		    398		       5	        0	  8469
      72	    228		    986		       4	        1	  1984
      73	    247		    681		       5	        1	   844
      74	    181		    252		       4	        2	   523
      75	    208		     60		       5	        3	   312
      76	    564		    903		       4	        1	  1573
      77	     35		    544		       4	        0	  8469
      78	    117		    590		       5	        0	  8469
      79	    872		    947		       5	        0	  8469
      80	    970		    326		       5	        1	  2045
      81	    114		    189		       4	        0	  8469
      82	    936		    468		       4	        1	  1712
      83	    608		    408		       5	        0	  8469
      84	    378		    569		       5	        0	  8469
      85	    315		    321		       4	        0	  8469
      86	     14		    197		       5	        0	  8469
      87	     51		    714		       4	        1	  1365
      88	    447		    934		       4	        2	  1387
      89	    591		    244		       5	        0	  8469
      90	    143		    846		       5	        0	  8469
      91	    363		    697		       4	        0	  8469
      92	     57		    912		       5	        0	  8469
      93	    345		    691		       4	        2	   827
      94	     56		    351		       4	        0	  8469
      95	    371		    252		       4	        2	   732
      96	    266		    783		       4	        2	  1169
      97	     75		     85		       5	        0	  8469
      98	    818		    828		       5	        0	  8469
      99	    596		    534		       4	        0	  8469
     100	    299		     90		       4	        0	  8469
     101	    719		    109		       4	        0	  8469
     102	    806		    501		       4	        3	  1486
     103	     27		    480		       5	        2	   699
     104	    333		    945		       4	        1	  1211
     105	    492		    535		       5	        1	  1135
     106	    921		    579		       4	        1	  1435
     107	    319		    671		       5	        1	  1235
     108	    925		    185		       4	        0	  8469
     109	    861		    768		       5	        3	  1530
     110	    555		    259		       5	        1	   916
     111	    400		    676		       5	        0	  8469
     112	    970		     23		       4	        2	  1375
     113	    956		    536		       4	        3	  2177
     114	     66		    244		       5	        0	  8469
     115	    321		    298		       4	        1	   829
     116	    799		    900		       5	        1	  1704
CUSTOMER SECTION
CUST. NO.	X_COORD		Y_COORD		DEMAND		Arr. T
       0	      0		      0		     0		  8469
       1	    120		    259		     1		   837
       2	    555		    718		     1		  3340
       3	    239		    935		     1		  2806
       4	    304		    517		     1		  2223
       5	    856		     96		     2		  2024
       6	     38		    904		     1		  2348
       7	    174		    951		     1		  2270
       8	    294		    935		     2		  2643
       9	    942		    324		     1		  2680
      10	    402		    176		     1		   994
      11	    766		    450		     2		  2962
      12	    473		    862		     1		  3632
      13	    262		    550		     2		  1464
      14	    661		     92		     1		  1580
      15	    440		    655		     2		  2204
      16	    678		    291		     2		  2164
      17	    952		    802		     1		  3921
      18	    698		    352		     3		  1910
      19	    297		    930		     1		  2084
      20	    882		    642		     2		  3176
      21	    777		    818		     2		  4334
      22	    302		    212		     1		  1260
      23	    824		    647		     1		  2999
      24	    143		    946		     1		  3615
      25	    108		    600		     2		  2192
      26	    121		    755		     1		  3046
      27	    697		     32		     2		  1623
      28	    473		    995		     1		  4395
      29	    342		    252		     1		  1069
      30	    248		    211		     3		   748
      31	    940		     88		     1		  3160
      32	     81		    468		     2		  1100
      33	    144		    796		     1		  2813
      34	    437		     42		     3		  1181
      35	    263		    549		     4		  2158
      36	    153		    646		     1		  2072
      37	    187		    688		     2		  2451
      38	     27		     70		     3		   176
      39	    244		    370		     2		  1513
      40	    145		     49		     1		   476
      41	    589		    402		     1		  2033
      42	    105		    251		     1		  1005
      43	    986		    452		     2		  4115
      44	    486		    773		     1		  3243
      45	    679		    851		     2		  3146
      46	    619		    809		     1		  3084
      47	    681		    336		     2		  2360
      48	    260		    655		     1		  2661
      49	    534		    440		     1		  1409
      50	    604		    453		     1		  2421
      51	    667		    428		     1		  2917
      52	    871		    548		     1		  3765
      53	    943		    171		     2		  2719
      54	    172		    696		     3		  2616
      55	    211		    597		     2		  2409
      56	     82		    390		     2		  1475
      57	    659		    852		     1		  3379
      58	    124		    861		     1		  3305
      59	    923		    842		     3		  3067
      60	    464		    148		     4		  1509
      61	    377		     32		     1		   927
      62	    482		    570		     4		  1882
      63	    987		    678		     1		  3168
      64	    995		     62		     3		  2062
      65	    241		    242		     2		   790
      66	    565		    805		     1		  3669
      67	    898		    871		     2		  3713
      68	    137		    970		     2		  2760
      69	     11		    959		     4		  2132
      70	    834		    251		     2		  2903
      71	    307		    897		     1		  3391
      72	    796		    286		     5		  2026
      73	    827		    725		     1		  2305
      74	     27		    818		     4		  2764
      75	    284		    562		     1		  1857
      76	    136		    875		     2		  2872
      77	    214		    719		     1		  2991
      78	    749		    863		     4		  3120
      79	    648		    603		     2		  2427
      80	    743		    494		     1		  1794
      81	    169		     42		     2		   477
      82	    664		    268		     1		  1894
      83	    736		    577		     1		  1875
      84	    232		    420		     2		  1214
      85	    598		    258		     1		  2241
      86	    890		    844		     1		  3950
      87	    374		    794		     2		  1912
      88	    937		    993		     1		  4898
      89	    308		     95		     2		  1154
      90	    257		    653		     1		  2695
      91	    333		    378		     1		  1436
      92	    928		    411		     1		  2972
      93	      4		    773		     2		  2246
      94	    764		     96		     3		  2224
      95	    620		    171		     2		  1699
      96	     91		    795		     1		  1736
      97	    729		    479		     3		  1830
      98	    507		    782		     4		  3519
      99	    516		    599		     1		  2507
     100	    581		    631		     3		  3006
     101	    429		    383		     1		  2299
     102	    495		    443		     2		  1988
     103	    201		    805		     2		  3125
     104	    327		    474		     3		  1891
     105	    400		    714		     3		  2268
     106	    447		     82		     1		  1757
     107	    180		     61		     2		   610
     108	    329		    479		     1		  2247
     109	    607		    144		     3		  1952
     110	    864		    903		     2		  3007
     111	    633		    586		     2		  2635
     112	     98		    291		     2		   689
     113	     56		    919		     3		  3377
     114	    302		    929		     1		  2835
     115	    664		    797		     1		  3028
     116	    442		    558		     1		  1805
     117	    808		    967		     1		  4657
     118	    998		     71		     3		  3020
     119	    283		    534		     1		  1616
     120	    562		    828		     2		  2147
     121	    918		    176		     2		  2648
     122	    250		    170		     1		   817
     123	    921		    325		     1		  2563
     124	    577		    116		     1		  2265
     125	    523		    285		     5		  1723
     126	    112		    530		     2		  1576
     127	    335		     99		     1		  1217
     128	    304		     45		     1		   808
     129	    684		    368		     2		  2866
     130	    962		    930		     3		  5009
     131	    715		    476		     2		  2613
     132	    944		    627		     2		  2757
     133	    188		    859		     1		  1985
     134	    218		    717		     1		  2739
     135	    232		    735		     2		  1850
     136	    446		    846		     2		  3664
     137	    483		    747		     2		  2019
     138	    360		    494		     3		  2333
     139	    522		    830		     2		  2279
     140	    396		    911		     2		  2975
     141	    661		    720		     2		  3398
     142	     56		    192		     3		   660
     143	    279		    720		     1		  1891
     144	    732		    386		     1		  3157
     145	    292		    154		     2		   775
     146	    912		    441		     1		  2862
     147	    798		    670		     3		  2623
     148	    125		    229		     3		   566
     149	    438		    432		     1		  1763
     150	     29		    187		     1		   679
     151	    231		     26		     2		   745
     152	    207		    149		     1		   735
     153	    496		    745		     1		  1845
     154	    379		     21		     1		   824
     155	    395		    564		     2		  2251
     156	    632		    389		     3		  1936
     157	    167		    874		     3		  2513
     158	    505		    662		     1		  2444
     159	    547		    517		     2		  2322
     160	    668		    216		     1		  2365
     161	     11		    995		     4		  3159
     162	     42		    480		     1		  1020
     163	    605		    641		     1		  3404
     164	     65		    939		     1		  2143
     165	    472		    601		     1		  2498
     166	    462		    825		     1		  2167
     167	    751		    178		     1		  1961
     168	    242		    700		     1		  1755
     169	    422		    436		     1		  1581
     170	    527		     45		     1		  2005
     171	    552		    530		     3		  2164
     172	     41		    364		     1		  1211
     173	    261		    659		     1		  1444
     174	    705		    914		     2		  4268
     175	    869		    444		     3		  2023
     176	    835		      5		     1		  1852
     177	    910		    716		     2		  2979
     178	    706		    700		     1		  3793
     179	    429		    646		     1		  1614
     180	     31		    190		     2		   630
     181	    185		    385		     1		  1620
     182	    731		    485		     3		  1807
     183	    255		    405		     1		  1056
     184	     28		    973		     1		  3287
     185	    854		    256		     3		  2039
     186	    349		    853		     1		  3257
     187	    931		    120		     1		  2216
     188	    321		    722		     4		  2466
     189	    851		    158		     1		  3355
     190	     87		    931		     2		  3501
     191	    628		    621		     1		  1966
     192	    189		    530		     2		  1304
     193	    311		    745		     1		  3219
     194	    546		    526		     1		  2981
     195	    373		    661		     1		  2934
     196	    749		    318		     1		  2838
     197	    575		    131		     1		  2115
     198	    982		     61		     1		  2937
     199	    364		    513		     2		  1866
     200	    835		    755		     2		  3242
     201	    780		     35		     1		  2397
     202	    827		    247		     1		  3178
     203	    768		     48		     2		  2584
     204	    115		    878		     1		  2088
     205	    637		    410		     1		  1704
     206	    379		    291		     2		  1897
     207	    237		    188		     2		   964
     208	    176		    879		     1		  2614
     209	    215		    559		     2		  2367
     210	    399		    454		     2		  1573
     211	      5		    888		     1		  2603
     212	    566		    749		     3		  3643
     213	    986		    603		     1		  2679
     214	    699		    758		     1		  2833
     215	    984		    786		     2		  3502
     216	    873		    320		     1		  2662
     217	    938		     85		     2		  3159
     218	    190		    437		     1		  1895
     219	    861		    290		     1		  3002
     220	    336		    879		     1		  2887
     221	    146		    844		     1		  2588
     222	    688		     35		     2		  1968
     223	    293		    805		     2		  2266
     224	    852		    648		     1		  2571
     225	    387		    973		     3		  3460
     226	    245		     29		     1		   711
     227	    805		    286		     1		  1902
     228	     94		    156		     1		   470
     229	    279		    676		     1		  2182
     230	    126		     40		     1		   304
     231	    941		      0		     1		  1945
     232	    475		    272		     1		  1127
     233	    656		    871		     1		  2993
     234	     67		    140		     1		   516
     235	    373		      2		     3		  1085
     236	     65		    214		     2		   517
     237	    196		    652		     1		  2295
     238	     14		    925		     3		  2202
     239	    174		    699		     3		  2337
     240	    433		    497		     1		  2602
     241	    656		    224		     1		  2047
     242	    656		     29		     1		  2127
     243	    869		    658		     1		  3083
     244	    938		    250		     1		  3130
     245	    881		    967		     1		  4841
     246	    714		    645		     3		  2561
     247	    844		    968		     3		  4586
     248	    804		    516		     1		  2197
     249	    866		    546		     2		  2098
     250	    758		     47		     1		  1535
     251	    940		    481		     1		  3815
     252	    356		    416		     2		  1713
     253	    614		    577		     1		  3198
     254	    672		    232		     2		  1749
     255	    389		    177		     3		   976
     256	    874		    793		     1		  2471
     257	     63		     91		     2		   283
     258	     90		    431		     1		  1624
     259	    164		    388		     1		   977
     260	    383		    589		     1		  1415
     261	    842		    158		     1		  2950
     262	    921		    685		     1		  2784
     263	    676		    540		     3		  3093
     264	    377		    764		     3		  2536
     265	    508		    619		     2		  1919
     266	    793		    876		     2		  3400
     267	    325		    314		     1		  1503
     268	    252		    411		     3		  1499
     269	     14		    857		     1		  3424
     270	    288		    222		     1		  1188
     271	    723		    124		     1		  2791
     272	    186		    389		     1		  1634
     273	    709		    425		     3		  2248
     274	    386		    859		     4		  3463
     275	    316		    507		     2		  1486
     276	    677		    626		     4		  2517
     277	    340		    704		     2		  1845
     278	    535		    963		     1		  2561
     279	    219		    654		     2		  1783
     280	    799		    204		     1		  2344
     281	    906		    732		     2		  3254
     282	    403		    121		     3		  1634
     283	    206		    923		     1		  3677
     284	    799		    283		     2		  3176
     285	    917		    951		     1		  4427
     286	    116		    502		     2		  2052
     287	    634		    559		     1		  2151
     288	    262		    403		     1		  1744
     289	    159		    542		     1		  2072
     290	    879		    100		     1		  2375
     291	    676		    416		     1		  2474
     292	    235		    349		     2		   930
     293	    231		    102		     4		   555
     294	    876		    507		     1		  3188
     295	    399		     48		     2		  1278
     296	    259		    247		     2		   746
     297	    892		     26		     1		  2926
     298	    884		    218		     2		  2202
     299	    433		    319		     2		  1430
     300	    507		     93		     4		  1225
     301	    819		    380		     2		  2494
     302	    922		    302		     1		  2587
     303	     81		    170		     1		   515
     304	     61		    608		     3		  2327
     305	    761		     62		     1		  2999
     306	    467		    514		     2		  1487
     307	     27		    213		     1		   835
     308	    416		    712		     2		  1887
     309	    550		    552		     2		  1981
     310	    469		    221		     1		  1451
     311	    894		    272		     1		  2173
     312	    390		    966		     1		  3809
     313	    652		    334		     1		  1873
     314	    838		    136		     1		  2786
     315	    545		    143		     3		  1411
     316	    680		    257		     2		  2824
     317	    856		    383		     3		  1935
     318	    321		    632		     2		  2159
     319	    263		    860		     2		  3518
     320	     37		    293		     1		   999
     321	     92		    189		     3		   552
     322	    856		    674		     1		  2544
     323	    704		    344		     2		  2425
     324	    668		    651		     2		  3430
     325	    780		    346		     2		  1735
     326	    708		     89		     3		  2179
     327	    656		    510		     1		  1956
     328	    226		    427		     4		  1834
     329	    217		    363		     1		  1615
     330	    312		    489		     5		  2206
     331	    324		    409		     3		  1399
     332	    321		    270		     3		  1296
     333	    380		    451		     2		  1418
     334	    445		    526		     2		  2182
     335	    696		     12		     3		  1509
     336	    102		    900		     1		  3301
     337	    747		    180		     1		  2965
     338	    890		    926		     2		  3418
     339	    764		     94		     1		  1760
     340	    501		    274		     3		  1857
     341	    409		    329		     1		  1460
     342	    529		    242		     2		  1777
     343	    609		    673		     1		  2772
     344	    924		     31		     3		  1993
     345	    566		     75		     2		  1713
     346	    144		    331		     1		  1119
     347	     28		    857		     1		  2637
     348	    803		    158		     1		  2455
     349	     16		    859		     3		  3044
     350	    522		    645		     2		  3300
     351	    873		    593		     1		  3009
