INSTANCE:	X-n587-k195
VEHICLES:	195
CUSTOMERS:	587
TIME UB:	8469
VEHICLE SECTION
VEH. NO.	X_COORD		Y_COORD		CAPACITY	OCCUPANCY	Arr. T
       0	    918		    803		       5	        0	  8469
       1	    735		     76		       5	        3	  1597
       2	    591		    195		       5	        1	  1332
       3	    151		    693		       5	        2	  1544
       4	    710		    695		       4	        1	   575
       5	    605		    162		       5	        1	  1460
       6	    776		     80		       5	        0	  8469
       7	    814		    607		       4	        0	  8469
       8	     80		    399		       4	        2	  1389
       9	    609		    223		       5	        0	  8469
      10	     97		    971		       5	        3	  1344
      11	    636		    695		       5	        0	  8469
      12	    781		    654		       4	        0	  8469
      13	    881		     18		       5	        0	  8469
      14	    363		    577		       4	        1	   980
      15	    674		    905		       4	        3	   337
      16	    525		    364		       4	        1	   708
      17	    936		    678		       4	        1	   390
      18	    564		    929		       4	        1	   364
      19	    984		     28		       5	        2	  1118
      20	    653		    648		       5	        2	   409
      21	    147		    381		       5	        1	  1323
      22	    708		    481		       5	        0	  8469
      23	    402		    222		       4	        0	  8469
      24	     80		    276		       4	        0	  8469
      25	    823		    795		       5	        1	   199
      26	    230		    346		       5	        0	  8469
      27	    645		    128		       5	        0	  8469
      28	    431		    107		       5	        0	  8469
      29	    413		    103		       5	        0	  8469
      30	    267		    418		       4	        2	  1080
      31	    380		    904		       4	        1	   708
      32	    574		    247		       4	        2	   835
      33	    649		    420		       4	        1	   604
      34	    610		    428		       5	        0	  8469
      35	    857		    386		       5	        0	  8469
      36	    397		    932		       4	        0	  8469
      37	    474		    791		       5	        0	  8469
      38	     99		    998		       4	        4	   972
      39	    282		    685		       5	        1	   962
      40	    765		    916		       4	        0	  8469
      41	    358		      5		       5	        1	  1253
      42	    625		    129		       4	        0	  8469
      43	    920		    809		       5	        0	  8469
      44	    586		    337		       5	        0	  8469
      45	    885		    644		       5	        2	   536
      46	    740		    837		       4	        0	  8469
      47	    566		    172		       5	        2	  1095
      48	    462		    414		       5	        1	  1326
      49	    597		    310		       5	        0	  8469
      50	    421		    876		       5	        1	   678
      51	    621		    918		       5	        1	   314
      52	    740		    958		       4	        1	   306
      53	    715		    867		       4	        1	   215
      54	    178		    588		       4	        0	  8469
      55	    473		    713		       4	        1	   822
      56	    850		    189		       4	        2	  1066
      57	    944		    824		       4	        0	  8469
      58	    267		    210		       5	        1	  1576
      59	    720		    914		       4	        0	  8469
      60	    878		    496		       4	        0	  8469
      61	    258		    488		       5	        0	  8469
      62	     44		    186		       4	        0	  8469
      63	    756		    128		       4	        0	  8469
      64	    749		    551		       4	        3	   453
      65	    144		    320		       5	        0	  8469
      66	    892		    692		       5	        0	  8469
      67	    816		    310		       5	        4	   910
      68	    719		    567		       5	        1	   574
      69	    527		     56		       5	        1	  1402
      70	    654		    832		       5	        1	   320
      71	    719		     52		       5	        0	  8469
      72	    660		    944		       4	        0	  8469
      73	    809		    754		       5	        2	   289
      74	     99		    169		       5	        0	  8469
      75	    112		    603		       4	        2	   932
      76	    138		    787		       5	        2	  1143
      77	    923		    289		       5	        0	  8469
      78	     33		    379		       4	        1	  1987
      79	    782		    427		       4	        0	  8469
      80	    527		    995		       5	        0	  8469
      81	    205		    398		       5	        0	  8469
      82	    362		    928		       4	        2	   692
      83	    244		     56		       4	        0	  8469
      84	    935		    348		       5	        1	   611
      85	     86		    854		       4	        0	  8469
      86	    699		    764		       5	        1	   398
      87	    440		    878		       5	        0	  8469
      88	    710		    807		       4	        1	   380
      89	    159		    535		       4	        0	  8469
      90	    788		    509		       5	        2	   492
      91	    971		    672		       4	        0	  8469
      92	    167		    357		       4	        0	  8469
      93	    398		    480		       5	        3	   865
      94	    118		    571		       5	        0	  8469
      95	    906		    762		       4	        0	  8469
      96	    713		     82		       4	        0	  8469
      97	    445		    170		       4	        0	  8469
      98	    557		    620		       4	        0	  8469
      99	     50		    500		       4	        1	  1231
     100	     79		    917		       4	        0	  8469
     101	    423		    243		       4	        4	  1190
     102	    754		    893		       5	        0	  8469
     103	    770		      2		       5	        0	  8469
     104	    660		    387		       5	        1	   816
     105	    550		    820		       5	        0	  8469
     106	     91		     96		       4	        0	  8469
     107	    171		    394		       4	        1	  1217
     108	    252		    842		       5	        1	   720
     109	    806		    813		       5	        2	   248
     110	    966		    296		       5	        0	  8469
     111	     58		    455		       5	        0	  8469
     112	    163		    857		       5	        0	  8469
     113	    559		    896		       4	        1	   451
     114	    434		    358		       5	        0	  8469
     115	    109		    732		       5	        2	  1159
     116	    945		    924		       4	        2	    42
     117	    552		    862		       4	        1	   535
     118	    660		    781		       4	        0	  8469
     119	    635		    887		       5	        0	  8469
     120	    791		    822		       5	        0	  8469
     121	     39		    967		       4	        0	  8469
     122	    651		     13		       5	        0	  8469
     123	    679		    989		       5	        0	  8469
     124	    123		    311		       4	        0	  8469
     125	    777		    841		       4	        1	   180
     126	    300		    770		       4	        1	   799
     127	     38		    939		       4	        0	  8469
     128	     90		    822		       5	        0	  8469
     129	     74		    658		       4	        0	  8469
     130	    219		    933		       5	        2	  1244
     131	    410		    194		       4	        0	  8469
     132	    625		    969		       5	        2	   544
     133	    773		    788		       5	        1	   378
     134	    387		    877		       4	        1	   680
     135	    563		     13		       5	        0	  8469
     136	    360		    458		       4	        0	  8469
     137	    616		    680		       5	        0	  8469
     138	    577		    997		       5	        0	  8469
     139	    668		    101		       5	        0	  8469
     140	    117		    642		       4	        0	  8469
     141	    662		    198		       4	        1	  1461
     142	     16		    739		       5	        1	  1728
     143	    604		    580		       5	        1	   624
     144	     25		      7		       5	        1	  2464
     145	    930		    285		       5	        0	  8469
     146	    609		    789		       4	        1	   369
     147	     57		    176		       4	        1	  1499
     148	    501		    445		       4	        0	  8469
     149	    544		    247		       4	        1	   984
     150	    938		    462		       5	        0	  8469
     151	    964		    651		       5	        1	   336
     152	    155		    865		       5	        1	  1008
     153	    182		    561		       5	        0	  8469
     154	    214		    405		       5	        1	  1409
     155	    653		    463		       5	        0	  8469
     156	     85		    634		       5	        0	  8469
     157	    389		    203		       4	        1	  1762
     158	      1		    227		       5	        0	  8469
     159	    958		    954		       5	        2	    65
     160	    456		    367		       4	        0	  8469
     161	    531		    205		       5	        1	  1289
     162	    589		    624		       4	        2	   560
     163	    264		    483		       4	        1	  1121
     164	    155		    207		       4	        1	  1486
     165	    533		    943		       5	        1	   517
     166	    416		    970		       5	        0	  8469
     167	    103		    549		       5	        2	  1384
     168	    839		     23		       4	        1	  1211
     169	    924		    493		       5	        1	   586
     170	     51		    291		       4	        1	  1843
     171	    918		    370		       4	        0	  8469
     172	    829		    839		       5	        0	  8469
     173	    918		    559		       4	        0	  8469
     174	    403		    612		       4	        0	  8469
     175	    620		      2		       5	        0	  8469
     176	    272		    553		       5	        0	  8469
     177	    743		    575		       4	        0	  8469
     178	     32		    510		       4	        1	  1121
     179	    606		    394		       5	        0	  8469
     180	    403		     69		       5	        1	  1411
     181	    707		    838		       5	        2	   234
     182	    403		     43		       4	        1	  1793
     183	    994		    792		       5	        0	  8469
     184	    621		    723		       4	        0	  8469
     185	    554		    923		       4	        0	  8469
     186	    599		      6		       5	        2	  1831
     187	    354		    660		       5	        1	  1037
     188	     23		    228		       5	        1	  1502
     189	    484		     78		       5	        1	  1768
     190	     69		    747		       4	        1	   858
     191	    900		    613		       4	        3	   351
     192	    484		    126		       4	        0	  8469
     193	    499		    737		       4	        0	  8469
     194	    684		    924		       5	        0	  8469
CUSTOMER SECTION
CUST. NO.	X_COORD		Y_COORD		DEMAND		Arr. T
       0	    909		    919		     0		  8469
       1	    878		    721		     1		   616
       2	    969		     85		     2		  2654
       3	    955		    148		     2		  1959
       4	    587		    903		     2		  1026
       5	    544		    703		     1		  1068
       6	    461		    167		     1		  2544
       7	     37		    644		     1		  2224
       8	    615		     22		     1		  3193
       9	    384		    364		     3		  1869
      10	    570		    124		     1		  2720
      11	    692		    985		     4		   612
      12	     62		    150		     1		  4431
      13	    188		    450		     1		  2330
      14	    674		    658		     1		   828
      15	    676		    904		     1		   863
      16	    815		    984		     2		   300
      17	    710		     16		     1		  2435
      18	    576		   1000		     1		  1253
      19	    547		     92		     1		  2963
      20	    587		    397		     1		  1542
      21	     26		    150		     2		  3987
      22	    366		    835		     3		  2156
      23	    516		    892		     3		  1569
      24	    448		    923		     1		  1643
      25	    513		    799		     1		  1141
      26	    905		    388		     1		  1374
      27	    560		    782		     2		  1106
      28	    465		    552		     3		  1385
      29	    315		    645		     3		  1555
      30	    738		    396		     2		  1338
      31	     45		    915		     2		  2066
      32	    797		    871		     2		   326
      33	    922		    643		     3		   984
      34	    793		    586		     1		  1266
      35	    921		    458		     1		  1778
      36	    160		    295		     1		  3642
      37	    598		    257		     4		  1823
      38	    516		    221		     2		  1605
      39	    788		    634		     2		   728
      40	    425		    751		     1		  1627
      41	    949		    444		     3		  1054
      42	    987		    459		     1		  1724
      43	    182		    279		     5		  2985
      44	    127		    354		     3		  2536
      45	    645		    609		     1		   886
      46	    917		    154		     2		  1562
      47	    729		    688		     1		   751
      48	    134		    510		     3		  2557
      49	    172		      2		     2		  3852
      50	    780		    565		     1		  1458
      51	    908		    477		     3		  1602
      52	    917		    341		     1		  1235
      53	    497		    623		     1		  1706
      54	    853		     27		     1		  2567
      55	    853		    521		     3		   875
      56	    519		    196		     2		  2426
      57	    827		    901		     5		   315
      58	    350		    168		     3		  3145
      59	    656		     56		     1		  3442
      60	    199		    924		     2		  1686
      61	    732		     55		     2		  2656
      62	    772		    748		     3		   796
      63	    884		    973		     1		   226
      64	    158		    430		     1		  1843
      65	     50		    959		     2		  3324
      66	    628		    860		     1		   662
      67	    264		    436		     3		  1995
      68	    441		    479		     1		  2092
      69	     95		    246		     1		  3296
      70	    236		    627		     1		  1688
      71	    307		    893		     2		  1418
      72	    695		    302		     3		  1591
      73	    378		    639		     1		  1663
      74	    830		     30		     3		  2897
      75	     44		    339		     1		  2452
      76	    122		    603		     1		  2075
      77	    850		    732		     3		   596
      78	    300		    719		     1		  2213
      79	     55		    954		     2		  2979
      80	    467		    494		     4		  2088
      81	    153		    641		     2		  2814
      82	    659		    564		     3		   990
      83	    490		    806		     1		  1534
      84	    823		    569		     1		   746
      85	    441		    898		     1		  1024
      86	    589		    516		     1		  1611
      87	    165		    614		     2		  2062
      88	     17		    749		     1		  2829
      89	    164		    778		     3		  2081
      90	    296		    858		     3		  1791
      91	    437		    866		     4		  1156
      92	    187		     88		     2		  2847
      93	    725		    988		     2		   731
      94	    125		    619		     1		  2201
      95	    352		    701		     1		  1265
      96	    447		    517		     2		  2016
      97	    316		     80		     2		  3430
      98	    555		    373		     2		  1448
      99	     84		    140		     1		  3006
     100	    341		    827		     1		  1649
     101	    541		    567		     2		  1484
     102	    919		    768		     1		   528
     103	    905		    944		     1		    83
     104	    892		     37		     3		  2808
     105	     74		    227		     1		  3494
     106	    911		    617		     2		   773
     107	    668		    697		     1		   850
     108	      1		     96		     2		  4618
     109	    223		    299		     2		  2736
     110	    637		    118		     2		  2966
     111	    622		    958		     2		   580
     112	    356		    127		     3		  3303
     113	    347		    777		     1		  1352
     114	    157		    190		     1		  3494
     115	      8		    497		     1		  2710
     116	    138		     78		     2		  2473
     117	    100		    192		     1		  2409
     118	    384		    598		     1		  2305
     119	    110		    163		     2		  3374
     120	    345		    464		     3		  1505
     121	     53		    628		     1		  3106
     122	    316		    705		     2		  1994
     123	    112		    361		     1		  3052
     124	    642		    405		     2		  1586
     125	    235		    578		     1		  2324
     126	    489		    621		     1		  1978
     127	    563		    916		     1		   947
     128	    759		    215		     1		  2510
     129	    822		    262		     2		  1446
     130	    960		    837		     5		   344
     131	    164		    988		     2		  1979
     132	     37		    513		     1		  2804
     133	    648		    247		     1		  1871
     134	    375		    402		     1		  1964
     135	    935		    676		     2		   774
     136	    233		    241		     1		  3329
     137	    891		    112		     3		  2296
     138	    378		    472		     2		  2017
     139	    457		    893		     1		  1071
     140	    852		    861		     1		   281
     141	    113		    701		     3		  2200
     142	    340		    913		     3		  1535
     143	    667		    718		     2		  1159
     144	    140		    332		     1		  2090
     145	    809		    908		     1		   357
     146	    968		    908		     2		   139
     147	    333		    418		     1		  2019
     148	     59		    136		     2		  2377
     149	    839		    123		     1		  1975
     150	    529		    215		     2		  2823
     151	    385		    380		     1		  2584
     152	    319		    417		     1		  2002
     153	    318		    216		     1		  3265
     154	    156		    119		     1		  3916
     155	    816		    160		     2		  2446
     156	    528		    320		     3		  2327
     157	    537		    114		     2		  2707
     158	    168		    838		     2		  1799
     159	    774		    825		     1		   527
     160	    216		    372		     1		  1894
     161	     16		    935		     3		  3201
     162	     60		    733		     2		  2909
     163	    500		     37		     1		  2320
     164	    343		    363		     3		  3153
     165	    429		     41		     2		  3790
     166	    708		    298		     4		  2524
     167	    411		    109		     2		  2250
     168	    840		    359		     1		  1588
     169	    865		    775		     2		   486
     170	    259		    348		     1		  2720
     171	    893		    516		     2		  1372
     172	    781		    239		     4		  1804
     173	    359		    199		     2		  2616
     174	    482		    214		     1		  3016
     175	     70		    526		     1		  2617
     176	    528		    103		     3		  2753
     177	    572		    770		     2		   797
     178	    802		    517		     1		  1514
     179	    876		    469		     2		  1092
     180	    952		    781		     2		   539
     181	    522		    595		     2		  1787
     182	     52		    336		     1		  2292
     183	    255		    413		     1		  3122
     184	    956		     21		     1		  2527
     185	    717		    142		     1		  2132
     186	    766		    880		     2		   522
     187	    524		    825		     1		  1480
     188	    657		    640		     1		   802
     189	    189		    232		     2		  2162
     190	    471		    339		     1		  2312
     191	    688		     98		     1		  3329
     192	    441		     81		     1		  2042
     193	    236		    735		     1		  1491
     194	    784		    692		     3		   783
     195	    743		    446		     1		  1491
     196	    201		     32		     2		  2928
     197	    188		    957		     1		  2496
     198	    381		    605		     3		  1963
     199	    227		    263		     2		  3479
     200	     69		     94		     1		  2364
     201	    123		    416		     4		  3000
     202	    341		    341		     1		  3188
     203	    450		    482		     1		  1637
     204	    251		    533		     1		  2137
     205	    352		    591		     2		  1593
     206	    724		    967		     1		   447
     207	    753		    539		     1		  1522
     208	    617		    989		     1		   986
     209	    455		    500		     1		  1674
     210	    472		    926		     1		  1415
     211	    395		    683		     2		  1815
     212	    789		    678		     2		   953
     213	    897		    272		     2		  1634
     214	    991		    492		     2		  1382
     215	    457		    837		     2		  1273
     216	    770		    852		     1		   407
     217	    153		    799		     2		  2644
     218	    643		    455		     1		  1162
     219	    924		    995		     1		   283
     220	    788		     75		     1		  2114
     221	    147		    318		     2		  3079
     222	    373		    184		     2		  3134
     223	    312		    527		     1		  1645
     224	    846		    684		     2		   909
     225	    725		    123		     2		  2845
     226	    191		    307		     3		  2247
     227	    373		    125		     1		  3020
     228	    463		    353		     2		  1862
     229	     40		    521		     3		  2363
     230	    579		    597		     3		  1802
     231	    907		     73		     2		  2654
     232	    718		     33		     2		  1948
     233	    279		    156		     3		  3207
     234	    114		    156		     4		  3046
     235	    220		    648		     1		  2904
     236	    948		    992		     2		   298
     237	    969		    895		     1		   202
     238	    986		    791		     3		   476
     239	     78		    292		     2		  3814
     240	    857		    236		     1		  2304
     241	    816		    111		     3		  2098
     242	    791		    579		     1		   746
     243	    228		    922		     1		  2409
     244	    856		    201		     4		  2252
     245	    155		      8		     4		  2751
     246	    243		    347		     1		  3042
     247	     48		    593		     1		  3610
     248	    954		     72		     2		  2455
     249	    549		    308		     2		  1872
     250	    401		    200		     2		  1953
     251	      2		    686		     1		  2845
     252	    301		    649		     2		  2020
     253	    467		    112		     2		  3245
     254	    810		      8		     2		  2162
     255	     89		    382		     2		  2491
     256	     88		    406		     5		  3431
     257	    550		    217		     2		  1878
     258	    438		    295		     1		  2665
     259	    606		    719		     1		   896
     260	    136		    341		     1		  3027
     261	    544		    174		     2		  2350
     262	    504		     41		     1		  2749
     263	     39		    476		     1		  3387
     264	    104		     90		     3		  3960
     265	    460		    557		     1		  1533
     266	     86		    722		     1		  3090
     267	    694		    749		     1		   665
     268	    707		    652		     1		   959
     269	    794		    129		     1		  3106
     270	    774		     72		     2		  2622
     271	    922		    819		     1		   330
     272	    735		    359		     1		  1945
     273	    801		    212		     1		  2055
     274	    707		    226		     2		  2821
     275	    102		    861		     4		  3153
     276	    358		    730		     1		  2218
     277	     49		    853		     3		  2237
     278	    750		    829		     2		   639
     279	    224		    328		     1		  3563
     280	    581		    819		     3		   691
     281	     49		    715		     2		  2041
     282	     84		    563		     2		  3068
     283	    305		    734		     1		  2162
     284	    917		    652		     1		   956
     285	    530		    838		     1		  1439
     286	    529		    296		     1		  1613
     287	    681		    779		     2		   892
     288	    393		     11		     1		  2530
     289	    208		    154		     2		  2523
     290	    646		    369		     1		  1446
     291	     37		    206		     1		  3320
     292	    122		    294		     3		  2910
     293	    451		    649		     1		  1286
     294	    993		    339		     1		  1876
     295	    274		    509		     3		  1700
     296	    289		    185		     1		  3837
     297	    728		    595		     2		   817
     298	    952		    690		     1		   894
     299	    989		    745		     3		   511
     300	    958		    560		     3		   944
     301	    104		    963		     3		  2102
     302	    478		    854		     1		  1071
     303	    394		    459		     1		  2185
     304	    147		    617		     4		  2597
     305	    537		    957		     1		   985
     306	    186		    913		     2		  2882
     307	    930		    149		     1		  2116
     308	    430		    951		     2		  1580
     309	    739		     15		     1		  2544
     310	    202		    774		     1		  1694
     311	    104		    669		     1		  2342
     312	    241		    910		     3		  1594
     313	    189		    181		     1		  3494
     314	    500		    603		     2		  1221
     315	    146		    161		     1		  4281
     316	    662		    708		     2		  1211
     317	    360		    721		     1		  1869
     318	    622		    159		     2		  3207
     319	    166		    281		     4		  2315
     320	    881		    938		     1		    91
     321	    137		    613		     1		  2461
     322	    897		    132		     1		  3006
     323	    965		    334		     4		  1700
     324	    127		    729		     2		  2189
     325	    450		     19		     1		  2779
     326	    522		    569		     1		  1732
     327	    202		    666		     1		  2670
     328	    127		    378		     1		  3028
     329	    156		    913		     1		  2119
     330	    306		    328		     1		  3264
     331	    747		    419		     2		  1864
     332	    838		    961		     1		   175
     333	    391		    886		     2		  1369
     334	    828		     28		     2		  2208
     335	    954		    279		     1		  1766
     336	    739		    507		     1		  1489
     337	    750		    567		     2		  1071
     338	    921		    125		     1		  1967
     339	    372		    600		     1		  1774
     340	    869		    892		     1		   155
     341	    274		    961		     2		  2346
     342	    831		    124		     1		  2910
     343	    471		    928		     1		  1414
     344	    511		    594		     2		  1107
     345	    778		    117		     1		  1873
     346	    867		    996		     1		   328
     347	    417		    918		     1		  1220
     348	    920		    808		     1		   402
     349	    254		    941		     4		  2177
     350	    222		    972		     1		  2447
     351	    741		     70		     1		  2874
     352	    101		    132		     1		  2838
     353	    110		    652		     1		  3153
     354	    533		    564		     1		  1765
     355	    891		    336		     1		  1599
     356	    661		    893		     2		   619
     357	     15		    879		     1		  3195
     358	    481		    860		     1		  1327
     359	    709		    388		     1		  1787
     360	    105		    381		     1		  2809
     361	    210		    937		     2		  2548
     362	    550		     23		     1		  2084
     363	    603		     51		     2		  1938
     364	    582		     48		     1		  3284
     365	    415		    206		     1		  2925
     366	    591		    850		     1		  1079
     367	    301		    884		     4		  2193
     368	    240		    938		     1		  2405
     369	    530		    386		     1		  2138
     370	    859		    502		     4		  1468
     371	    826		    779		     2		   338
     372	    771		    629		     3		  1126
     373	    983		    321		     1		  2396
     374	    189		    636		     1		  2394
     375	    676		    601		     2		  1243
     376	    129		    319		     4		  2391
     377	    340		    524		     3		  1759
     378	    490		    220		     1		  2043
     379	    584		    523		     1		  1277
     380	    553		    110		     1		  2596
     381	    935		    660		     1		   546
     382	    830		    469		     2		   962
     383	    539		     52		     1		  2228
     384	    278		    487		     1		  1922
     385	    637		    548		     1		  1383
     386	    823		    923		     3		   295
     387	    999		    837		     4		   485
     388	    565		    337		     1		  1866
     389	     82		    851		     1		  1754
     390	    969		     38		     2		  2962
     391	    498		    300		     1		  2464
     392	    791		    314		     2		  2116
     393	    693		    895		     1		   823
     394	    390		    537		     4		  2078
     395	    837		    407		     2		  1288
     396	    220		    391		     2		  2147
     397	    618		    221		     2		  1559
     398	    180		    686		     2		  2523
     399	    959		    960		     1		   141
     400	    934		    765		     2		   333
     401	    951		    543		     2		  1157
     402	    752		    859		     2		   473
     403	    278		    986		     1		  1925
     404	    487		    708		     1		  1712
     405	    434		    776		     1		  1527
     406	    129		    119		     2		  2294
     407	    438		    308		     3		  2560
     408	    153		    438		     1		  2678
     409	    541		    777		     3		  1066
     410	    290		    772		     1		  2153
     411	    202		    468		     1		  2848
     412	    432		    949		     1		  1449
     413	    413		    752		     2		  2072
     414	    779		    106		     1		  3245
     415	    543		    161		     1		  2197
     416	    963		    277		     2		  1582
     417	    112		    459		     2		  3243
     418	    301		    817		     3		  1246
     419	     80		     48		     1		  3416
     420	    622		    470		     2		  1505
     421	    148		    130		     2		  2602
     422	     70		    782		     2		  1800
     423	    488		    540		     2		  1753
     424	    814		    887		     4		   332
     425	    792		    289		     1		  1863
     426	     84		     21		     1		  3367
     427	    180		    610		     1		  1611
     428	    424		    341		     1		  2964
     429	    828		    485		     2		  1555
     430	    579		    290		     3		  2036
     431	     92		    563		     2		  2270
     432	    233		    130		     3		  3627
     433	    184		    475		     2		  2757
     434	    182		    513		     2		  2142
     435	    601		    785		     4		  1242
     436	    828		    106		     1		  2374
     437	    482		    409		     2		  2458
     438	    407		    261		     1		  3023
     439	    587		    627		     1		   915
     440	    396		    611		     1		  1364
     441	    833		    257		     1		  1524
     442	    804		    553		     2		  1387
     443	     12		    198		     1		  3365
     444	    887		    275		     2		  1428
     445	    183		    925		     4		  2121
     446	    242		    857		     2		  2499
     447	    373		    643		     1		  2385
     448	    731		    963		     1		   414
     449	    219		    275		     2		  3598
     450	    568		    499		     2		  1580
     451	    714		    734		     1		   971
     452	    617		    325		     2		  2293
     453	    560		    470		     2		  1862
     454	    837		    631		     1		   604
     455	      4		    304		     4		  3700
     456	    355		    877		     2		  1380
     457	    745		    354		     1		  1433
     458	    145		    377		     3		  3029
     459	    119		    768		     2		  2632
     460	    638		    271		     1		  2083
     461	    924		    402		     4		  1066
     462	     91		    336		     1		  3023
     463	    716		    219		     3		  1616
     464	    186		     35		     1		  3478
     465	    679		    861		     1		   937
     466	    919		    121		     3		  2768
     467	    822		    482		     1		  1315
     468	    151		    384		     2		  2422
     469	    407		    860		     1		  1338
     470	    869		    930		     3		   150
     471	    928		     75		     2		  2085
     472	    139		    615		     1		  2196
     473	     90		    412		     1		  2406
     474	    404		    744		     1		  1343
     475	    216		     14		     2		  2727
     476	    906		    567		     1		  1050
     477	     15		     55		     2		  3086
     478	    948		    717		     2		   586
     479	    614		    496		     1		  1921
     480	    564		    906		     1		  1320
     481	    179		    656		     3		  2385
     482	    774		    462		     2		  1066
     483	    207		    724		     1		  2813
     484	    355		    609		     1		  1366
     485	    344		    833		     1		  1983
     486	    726		    657		     1		   788
     487	    971		    896		     3		   202
     488	    351		    186		     3		  1866
     489	     39		     94		     1		  4575
     490	     18		    167		     1		  4541
     491	    396		    368		     1		  1767
     492	    416		    570		     2		  1898
     493	    792		    716		     1		   565
     494	    332		    103		     1		  2271
     495	    561		    229		     1		  2806
     496	    924		    415		     1		  1120
     497	    306		    493		     1		  1730
     498	    853		    704		     2		   696
     499	    293		    285		     2		  2859
     500	    468		    127		     2		  1963
     501	    464		    700		     2		  1644
     502	    692		    310		     1		  2515
     503	    257		    608		     2		  1838
     504	    980		    789		     3		   325
     505	    762		    527		     1		  1056
     506	     50		    710		     1		  3529
     507	    978		    624		     1		   837
     508	    775		    736		     2		   784
     509	    551		    199		     1		  1913
     510	    630		    871		     2		   910
     511	    926		    116		     1		  2417
     512	    724		    481		     2		  1546
     513	    293		    786		     1		  2392
     514	    959		    178		     2		  2421
     515	     28		    579		     4		  2142
     516	    465		    381		     3		  1559
     517	    342		     15		     3		  3502
     518	    267		    887		     3		  1720
     519	    339		    737		     1		  1699
     520	    750		    110		     1		  2356
     521	    116		     72		     1		  4182
     522	    556		    836		     2		   829
     523	    421		    584		     1		  1920
     524	    664		    334		     1		  1487
     525	    340		    957		     2		  1213
     526	    138		    690		     2		  3010
     527	    185		    939		     2		  1708
     528	    895		    564		     1		  1174
     529	    384		    127		     3		  3598
     530	    221		    151		     3		  3201
     531	    164		    405		     1		  2143
     532	    987		    917		     2		   295
     533	    810		    274		     2		  2109
     534	    267		    798		     1		  1440
     535	    881		    293		     1		  1461
     536	    441		    344		     1		  2247
     537	    487		    506		     4		  2328
     538	    395		    580		     2		  1300
     539	    405		    978		     1		  1598
     540	    966		    509		     3		   918
     541	    571		    996		     1		  1003
     542	    835		    166		     2		  2634
     543	     57		    410		     4		  3198
     544	    462		     92		     1		  2000
     545	    734		    399		     1		  1823
     546	    272		    760		     3		  1695
     547	     84		    652		     2		  3374
     548	    908		    779		     1		   493
     549	    600		     19		     3		  1981
     550	    548		    288		     2		  2713
     551	     33		     90		     1		  3994
     552	    479		    319		     2		  1609
     553	    717		    960		     3		   481
     554	    204		     29		     3		  4404
     555	    799		    441		     3		  1772
     556	    602		     46		     1		  2188
     557	    372		    106		     1		  3632
     558	    707		    678		     1		   762
     559	    884		    598		     2		   817
     560	    401		    345		     1		  2017
     561	    889		    818		     1		   246
     562	    288		    295		     3		  3390
     563	    453		    130		     1		  2263
     564	    587		    936		     2		  1041
     565	    169		    316		     1		  2005
     566	    271		    407		     1		  2897
     567	    428		    772		     2		  1939
     568	    461		    415		     1		  2655
     569	    926		    968		     1		   128
     570	     61		    305		     2		  3171
     571	    435		    146		     1		  2870
     572	    653		    395		     3		  1793
     573	    820		    279		     3		  2097
     574	    637		    547		     1		  1056
     575	    302		    267		     1		  3408
     576	    973		    397		     1		  1469
     577	    561		     40		     3		  3495
     578	    452		    610		     3		  1857
     579	    963		    618		     1		   855
     580	    948		    761		     1		   651
     581	    785		    845		     2		   527
     582	     65		    388		     3		  2605
     583	    373		    307		     1		  3221
     584	    365		    297		     2		  2466
     585	    117		   1000		     2		  1724
     586	     62		     12		     1		  4460
     587	    428		     75		     2		  3865
