INSTANCE:	X-n750-k250
VEHICLES:	250
CUSTOMERS:	750
TIME UB:	8486
VEHICLE SECTION
VEH. NO.	X_COORD		Y_COORD		CAPACITY	OCCUPANCY	Arr. T
       0	     11		    499		       5	        0	  8486
       1	    124		    270		       5	        1	   651
       2	     83		    664		       4	        1	   379
       3	    126		    383		       5	        0	  8486
       4	    133		    826		       5	        0	  8486
       5	    778		    700		       4	        0	  8486
       6	    613		     37		       4	        1	  1324
       7	    768		    689		       4	        2	  1167
       8	    227		    124		       4	        0	  8486
       9	    951		    622		       4	        2	  1186
      10	    233		    438		       4	        3	   673
      11	    895		    216		       5	        0	  8486
      12	    359		    963		       5	        1	   380
      13	    257		    337		       4	        1	   629
      14	    545		    806		       4	        0	  8486
      15	    297		    297		       4	        1	   996
      16	    115		    435		       5	        1	   751
      17	    250		    676		       5	        1	   376
      18	    570		    210		       5	        1	  1528
      19	    552		    315		       4	        0	  8486
      20	    481		    223		       4	        0	  8486
      21	    976		    863		       5	        1	   982
      22	     33		    761		       4	        0	  8486
      23	    311		      9		       4	        0	  8486
      24	    650		    476		       5	        1	   877
      25	    138		    226		       4	        1	  1037
      26	    415		      0		       4	        0	  8486
      27	    713		    779		       5	        1	   777
      28	    555		    631		       4	        0	  8486
      29	    512		    860		       4	        0	  8486
      30	    754		    899		       5	        1	  1107
      31	    886		    684		       5	        0	  8486
      32	     45		    362		       4	        0	  8486
      33	    732		    304		       5	        0	  8486
      34	    666		    975		       4	        0	  8486
      35	    773		      7		       5	        0	  8486
      36	    808		    903		       5	        1	  1115
      37	    911		    127		       5	        0	  8486
      38	    783		    958		       5	        1	   830
      39	    916		    240		       5	        3	  2100
      40	    455		    989		       5	        0	  8486
      41	    522		    400		       5	        0	  8486
      42	     57		    217		       4	        1	   695
      43	    177		    756		       4	        0	  8486
      44	    350		    909		       4	        2	   480
      45	    693		    559		       4	        1	  1066
      46	    648		    837		       4	        3	   722
      47	    135		    158		       5	        1	   898
      48	    617		    639		       5	        0	  8486
      49	    398		    156		       4	        2	   940
      50	    310		    467		       4	        0	  8486
      51	    334		    855		       5	        0	  8486
      52	    510		    332		       5	        0	  8486
      53	    370		    421		       5	        1	  1096
      54	    134		    858		       4	        2	   143
      55	    799		    823		       4	        0	  8486
      56	    951		    307		       4	        2	  1427
      57	    895		    963		       5	        0	  8486
      58	    582		    263		       5	        0	  8486
      59	    377		    708		       5	        0	  8486
      60	     70		    736		       4	        0	  8486
      61	    636		    512		       5	        0	  8486
      62	    524		    473		       4	        1	  1222
      63	    829		    776		       4	        0	  8486
      64	    479		    307		       5	        1	   962
      65	    891		    741		       4	        2	  1446
      66	    980		    301		       4	        0	  8486
      67	    166		    573		       5	        0	  8486
      68	    939		    390		       5	        1	  1653
      69	    951		    203		       5	        0	  8486
      70	    986		    513		       4	        0	  8486
      71	    618		    113		       5	        2	  1517
      72	    602		    984		       4	        0	  8486
      73	    999		    602		       5	        1	  1876
      74	    601		    545		       5	        0	  8486
      75	    686		    750		       5	        0	  8486
      76	    718		    704		       4	        0	  8486
      77	     36		    160		       5	        0	  8486
      78	    263		    242		       5	        1	  1223
      79	     49		    160		       5	        1	   778
      80	    790		    311		       5	        2	  1488
      81	    923		    705		       4	        0	  8486
      82	     52		    153		       4	        1	  1132
      83	    877		    451		       4	        0	  8486
      84	    429		    381		       5	        2	  1171
      85	    433		    302		       5	        0	  8486
      86	    653		    877		       4	        2	  1044
      87	    193		    831		       4	        1	   291
      88	    206		    769		       5	        1	   255
      89	    772		    252		       5	        2	  1664
      90	    337		    475		       5	        1	   895
      91	    667		     91		       4	        1	  1713
      92	    289		    115		       4	        0	  8486
      93	    918		    839		       4	        0	  8486
      94	    791		    248		       5	        2	  1094
      95	    382		    176		       5	        1	   997
      96	     37		    331		       4	        1	   745
      97	    920		    675		       4	        1	  1447
      98	    376		    144		       5	        0	  8486
      99	    156		    967		       5	        1	   348
     100	    201		    643		       5	        0	  8486
     101	    693		    370		       4	        0	  8486
     102	    465		    114		       5	        2	  1150
     103	    982		    977		       4	        0	  8486
     104	    555		    364		       5	        1	  1246
     105	    395		    335		       5	        0	  8486
     106	    294		    501		       4	        2	   510
     107	    174		    812		       4	        4	   203
     108	    630		     96		       5	        2	  1420
     109	    896		    319		       5	        0	  8486
     110	    842		    847		       4	        0	  8486
     111	     23		    117		       4	        0	  8486
     112	    463		    461		       5	        3	  1119
     113	    715		    397		       5	        0	  8486
     114	    277		    697		       5	        3	   385
     115	    263		    570		       5	        0	  8486
     116	     81		    236		       4	        1	   795
     117	    272		    181		       4	        0	  8486
     118	    739		    441		       5	        2	  1681
     119	    900		    748		       5	        1	  1358
     120	    380		    514		       5	        0	  8486
     121	    308		    857		       4	        1	   357
     122	    980		    347		       5	        0	  8486
     123	    662		    394		       5	        1	  1399
     124	     62		    737		       5	        0	  8486
     125	    250		    862		       4	        0	  8486
     126	    906		    354		       5	        2	  1647
     127	    575		    901		       5	        0	  8486
     128	     65		     35		       4	        0	  8486
     129	    330		    390		       5	        1	   988
     130	     65		    804		       4	        1	   148
     131	    290		    179		       4	        2	  1403
     132	    788		    392		       5	        0	  8486
     133	    640		    675		       5	        0	  8486
     134	    171		    971		       4	        1	   293
     135	    315		     92		       5	        0	  8486
     136	    122		    587		       4	        0	  8486
     137	    776		    212		       4	        0	  8486
     138	    402		    363		       4	        0	  8486
     139	     89		    582		       5	        1	   343
     140	    510		    342		       4	        1	  1181
     141	    102		    815		       4	        0	  8486
     142	    504		    648		       4	        2	   916
     143	    399		    812		       4	        1	   584
     144	    923		    177		       4	        0	  8486
     145	    154		     39		       4	        1	  1395
     146	    710		    665		       5	        2	   797
     147	    701		    529		       5	        1	  1305
     148	    800		    833		       5	        1	   926
     149	    803		    561		       5	        1	  1652
     150	    534		    496		       4	        0	  8486
     151	    511		    279		       5	        0	  8486
     152	    832		     12		       5	        0	  8486
     153	    679		    434		       5	        1	  1562
     154	     84		    369		       4	        2	   962
     155	    418		    120		       5	        0	  8486
     156	    423		    798		       4	        0	  8486
     157	    870		    506		       4	        1	  1100
     158	    833		     41		       5	        1	  2060
     159	    316		    688		       5	        0	  8486
     160	     52		    348		       5	        0	  8486
     161	    859		    627		       5	        0	  8486
     162	    681		    294		       5	        1	  1710
     163	    849		    644		       5	        1	  1278
     164	    511		    898		       5	        0	  8486
     165	    259		    278		       5	        1	   843
     166	    372		    799		       4	        0	  8486
     167	    796		    328		       4	        1	  1610
     168	     90		    256		       4	        2	   609
     169	    282		    213		       4	        2	   801
     170	    245		    156		       5	        0	  8486
     171	    739		    419		       5	        0	  8486
     172	    520		    801		       4	        2	   817
     173	    327		    908		       4	        0	  8486
     174	    577		    911		       5	        0	  8486
     175	    179		    319		       5	        1	   584
     176	    156		    683		       4	        1	   337
     177	    114		    189		       5	        1	  1214
     178	    218		    189		       5	        1	   959
     179	    330		    143		       5	        0	  8486
     180	    149		    784		       4	        1	   247
     181	    565		     82		       4	        1	  1039
     182	    754		    703		       5	        0	  8486
     183	    693		    433		       4	        1	  1161
     184	      7		    792		       4	        1	    95
     185	    628		    495		       4	        0	  8486
     186	    752		    792		       5	        0	  8486
     187	    551		    243		       4	        0	  8486
     188	    127		     46		       5	        0	  8486
     189	    979		    645		       4	        2	  1955
     190	    130		    202		       4	        0	  8486
     191	    973		    391		       4	        0	  8486
     192	    813		    502		       4	        1	   920
     193	    487		    121		       5	        0	  8486
     194	    997		    241		       4	        1	  1331
     195	    553		    756		       5	        0	  8486
     196	    524		    158		       4	        0	  8486
     197	    538		    337		       5	        0	  8486
     198	    223		    747		       4	        0	  8486
     199	    537		    183		       4	        1	  1413
     200	    913		    564		       4	        1	  1262
     201	    709		    590		       4	        0	  8486
     202	    655		     39		       5	        0	  8486
     203	    117		    973		       5	        1	   317
     204	    726		    723		       4	        0	  8486
     205	      5		    941		       5	        0	  8486
     206	    712		    633		       5	        0	  8486
     207	    847		    359		       5	        0	  8486
     208	    146		    512		       5	        0	  8486
     209	    790		    247		       4	        1	  1831
     210	    764		     43		       5	        0	  8486
     211	    184		    941		       4	        0	  8486
     212	    829		    426		       4	        1	   977
     213	    328		    995		       4	        0	  8486
     214	    938		    307		       4	        3	  1932
     215	    668		    268		       5	        0	  8486
     216	    351		    354		       4	        0	  8486
     217	    116		    698		       5	        1	   212
     218	    630		    484		       4	        0	  8486
     219	    600		    973		       4	        1	  1025
     220	    784		    685		       4	        1	  1468
     221	    452		      1		       4	        1	  1792
     222	    425		    873		       4	        1	   764
     223	    109		    935		       4	        0	  8486
     224	    718		    570		       5	        1	   866
     225	    845		    753		       4	        1	  1062
     226	    847		     51		       4	        0	  8486
     227	     56		    666		       4	        0	  8486
     228	     13		    286		       5	        0	  8486
     229	    581		    121		       4	        1	  1859
     230	      2		    545		       5	        1	   539
     231	    982		    797		       4	        1	  1527
     232	    889		    230		       5	        1	  1299
     233	    583		    127		       5	        2	  1168
     234	    192		    569		       5	        0	  8486
     235	    258		    620		       5	        2	   540
     236	    794		    896		       4	        3	   863
     237	    456		    639		       4	        0	  8486
     238	    907		    171		       4	        0	  8486
     239	    239		    951		       4	        0	  8486
     240	    499		    491		       5	        0	  8486
     241	    625		    578		       4	        0	  8486
     242	    563		    987		       5	        0	  8486
     243	    215		     48		       4	        3	  1575
     244	    910		     98		       4	        0	  8486
     245	    813		    997		       5	        0	  8486
     246	    272		    525		       5	        1	   453
     247	    204		    585		       5	        0	  8486
     248	    650		    683		       4	        0	  8486
     249	    168		    907		       5	        0	  8486
CUSTOMER SECTION
CUST. NO.	X_COORD		Y_COORD		DEMAND		Arr. T
       0	      2		    857		     0		  8486
       1	    407		    102		     1		  2264
       2	    915		    965		     1		  2276
       3	    797		     45		     1		  2300
       4	    748		    248		     1		  2840
       5	     99		    174		     1		  2411
       6	    277		    689		     4		  1061
       7	    568		    771		     1		  2081
       8	     76		    105		     1		  2510
       9	    327		    183		     2		  1867
      10	    269		    246		     1		  2129
      11	    670		     18		     1		  3067
      12	     51		    901		     1		   138
      13	    951		    696		     3		  3433
      14	    710		    102		     2		  3813
      15	     61		    465		     1		   803
      16	    348		    606		     2		  1626
      17	    524		    793		     3		  1306
      18	    235		    368		     1		  1947
      19	    449		    781		     1		  1696
      20	    970		     38		     3		  2571
      21	    362		    490		     4		  1922
      22	    742		    267		     1		  2789
      23	    898		    957		     2		  3132
      24	    996		    922		     2		  3493
      25	    951		    633		     2		  2460
      26	    603		    247		     1		  2337
      27	    143		      0		     2		  3271
      28	    274		    608		     1		  1351
      29	     81		    422		     1		   973
      30	    550		    408		     1		  2282
      31	     43		    699		     2		   639
      32	    482		    575		     1		  1828
      33	    909		    254		     2		  3993
      34	    202		    575		     1		   982
      35	    736		    288		     1		  2755
      36	    464		    127		     1		  2330
      37	    635		    531		     3		  1932
      38	    641		    824		     1		  2228
      39	    863		    673		     1		  3295
      40	    396		    950		     1		  1288
      41	    664		    966		     3		  2040
      42	    301		    260		     1		  2557
      43	    425		    990		     2		  1489
      44	    559		    746		     2		  1190
      45	    431		    827		     2		  1497
      46	    724		    472		     1		  2501
      47	    888		    721		     1		  2334
      48	    136		    331		     1		  1884
      49	    206		      5		     2		  2700
      50	    798		    918		     3		  2572
      51	    123		    488		     2		  1402
      52	    779		    445		     2		  2517
      53	    938		    743		     1		  2768
      54	    800		    398		     4		  2278
      55	    734		     20		     2		  2562
      56	    211		    678		     1		   893
      57	    512		    403		     2		  1516
      58	    796		    106		     1		  3090
      59	    644		    810		     2		  1296
      60	    416		    973		     3		   899
      61	    395		    941		     1		   894
      62	    374		    546		     3		  1207
      63	    546		    191		     2		  1800
      64	    754		    255		     2		  3350
      65	    124		    588		     3		   593
      66	    423		    929		     1		   956
      67	    314		    637		     4		  1204
      68	    321		    786		     1		  1241
      69	    960		    423		     1		  4118
      70	    721		    692		     1		  1722
      71	    803		    584		     3		  2858
      72	    806		    773		     4		  2561
      73	    429		    478		     1		  1668
      74	    214		    547		     2		   930
      75	    361		    166		     1		  2212
      76	    944		    218		     2		  3326
      77	     12		    468		     1		  1004
      78	    527		    255		     2		  1936
      79	    789		    724		     4		  1671
      80	    892		    896		     1		  2571
      81	    194		    884		     2		   746
      82	    395		    309		     1		  2398
      83	    558		    175		     1		  1886
      84	    247		    947		     1		   862
      85	     36		    394		     2		  1746
      86	    599		    724		     2		  1733
      87	     83		    489		     1		  1243
      88	    248		    220		     1		  2664
      89	    642		    549		     1		  2686
      90	    747		     86		     1		  4145
      91	    400		    574		     1		  1236
      92	    653		    798		     1		  2407
      93	    653		    904		     1		  2241
      94	    643		    138		     3		  2188
      95	    793		    865		     2		  2455
      96	    500		    726		     1		  1608
      97	    585		    586		     1		  2026
      98	    285		    769		     1		   903
      99	    336		    912		     1		  1247
     100	    454		    207		     4		  2256
     101	    335		    815		     3		  1001
     102	    911		    708		     1		  3188
     103	      2		    239		     2		  2122
     104	    816		    435		     1		  1939
     105	    806		    796		     2		  3021
     106	    793		    584		     1		  3190
     107	    479		    831		     1		  1569
     108	    397		     20		     1		  2085
     109	    702		    902		     2		  2136
     110	    838		    111		     2		  3526
     111	    989		    451		     2		  2958
     112	    215		    154		     2		  2847
     113	    581		    757		     1		  1787
     114	    294		    174		     2		  1567
     115	    997		    332		     1		  4355
     116	    335		    941		     1		   935
     117	    493		    469		     3		  1860
     118	    187		    284		     1		  1318
     119	    678		    127		     1		  3728
     120	    831		    755		     1		  3304
     121	    316		    319		     5		  1656
     122	    188		    134		     1		  2417
     123	     73		    608		     2		   595
     124	    884		    613		     1		  2889
     125	    717		    851		     1		  2852
     126	    508		     52		     2		  2754
     127	    809		    556		     1		  2239
     128	    705		    769		     1		  2747
     129	    983		    312		     2		  3503
     130	    415		    658		     1		  1748
     131	    132		    789		     1		   493
     132	    520		    413		     2		  1896
     133	    960		    936		     2		  3265
     134	    300		    456		     2		  1065
     135	    192		    177		     1		  2613
     136	     88		    626		     3		   601
     137	    772		    743		     3		  2025
     138	    540		    206		     3		  1806
     139	    474		    559		     2		  1663
     140	    241		    949		     3		   690
     141	    583		    602		     1		  1679
     142	    460		    683		     1		  1663
     143	     81		    368		     1		  1706
     144	    998		    835		     1		  3220
     145	    585		    234		     1		  2184
     146	    522		    137		     2		  3270
     147	    621		    498		     2		  2629
     148	    788		    277		     1		  2974
     149	    817		    861		     1		  2867
     150	    678		    560		     2		  1811
     151	    156		    507		     2		  1351
     152	    617		    486		     3		  2739
     153	    213		     23		     1		  2817
     154	    884		    616		     2		  3193
     155	    829		    814		     1		  3248
     156	    285		    153		     2		  2481
     157	    584		    878		     2		  2075
     158	    176		    928		     3		   622
     159	    166		    656		     4		   969
     160	    507		    183		     1		  2277
     161	    995		    412		     4		  2952
     162	     22		    787		     2		   269
     163	    649		    933		     2		  1681
     164	    885		    309		     1		  3189
     165	    131		    560		     1		   972
     166	     22		     81		     1		  1723
     167	    502		    640		     1		  1405
     168	    462		    970		     1		  1416
     169	    547		    473		     1		  1684
     170	    557		    408		     2		  2694
     171	    480		    579		     1		  1809
     172	    775		    395		     2		  2420
     173	    962		     95		     1		  4134
     174	     31		     68		     1		  3008
     175	    627		    629		     2		  1401
     176	    524		    322		     1		  2637
     177	    918		    853		     2		  2474
     178	    823		    774		     1		  2116
     179	    775		    894		     1		  1911
     180	    478		    480		     1		  2413
     181	    511		    488		     1		  2462
     182	    785		    899		     1		  1680
     183	    453		    440		     1		  1551
     184	    470		    598		     2		  2123
     185	      1		    111		     3		  2117
     186	    756		     89		     1		  2627
     187	    728		    583		     1		  2979
     188	    647		    753		     1		  2336
     189	    842		    559		     1		  3410
     190	    637		    397		     1		  1729
     191	     72		    370		     1		  1145
     192	    948		    485		     1		  3246
     193	    999		    268		     3		  3259
     194	    471		    517		     2		  1960
     195	    350		    131		     3		  2498
     196	    381		    534		     1		  1841
     197	    973		    212		     1		  2505
     198	    164		    485		     2		  1141
     199	    429		    565		     3		  1073
     200	    186		    426		     1		  1614
     201	    838		    897		     1		  2603
     202	    779		    143		     2		  3145
     203	    866		    928		     4		  3439
     204	    214		    623		     1		  1032
     205	    532		    586		     1		  2374
     206	    513		    152		     1		  1960
     207	    915		    772		     2		  3077
     208	    343		    558		     3		  1496
     209	    877		    720		     1		  3515
     210	    730		    272		     1		  3307
     211	    364		    617		     1		  1367
     212	    210		    569		     1		   756
     213	    514		    296		     2		  2267
     214	    202		    695		     1		   643
     215	    706		    395		     2		  3326
     216	    597		    866		     1		  1648
     217	    376		     83		     1		  2167
     218	    483		    578		     3		  2169
     219	      0		    299		     3		  1737
     220	    639		    101		     1		  3890
     221	    774		    925		     2		  2146
     222	    804		    864		     1		  2754
     223	    528		    192		     1		  1946
     224	    660		    561		     1		  2697
     225	    888		      7		     2		  4078
     226	    788		    712		     1		  2002
     227	     79		    750		     1		   474
     228	    854		    884		     1		  3180
     229	    207		    501		     1		  1015
     230	    944		    334		     2		  3978
     231	    952		    915		     2		  3624
     232	     14		    440		     1		  1317
     233	    923		    386		     3		  2553
     234	    485		    885		     3		  1533
     235	    890		    951		     2		  2216
     236	    478		    956		     2		  1362
     237	    782		    216		     1		  2725
     238	    104		     50		     1		  1798
     239	    822		    370		     2		  2125
     240	     73		    108		     1		  2105
     241	      7		    981		     1		   425
     242	    987		    382		     1		  2485
     243	    397		    439		     1		  1933
     244	    871		    661		     1		  2015
     245	    636		    866		     1		  1401
     246	     70		    100		     3		  2350
     247	     75		    647		     2		   826
     248	    383		      5		     2		  2417
     249	     86		    692		     3		   529
     250	     26		    218		     2		  2394
     251	    892		    317		     2		  3813
     252	    139		     60		     3		  1952
     253	     76		    883		     2		   269
     254	    336		     44		     3		  2390
     255	    713		    447		     2		  1855
     256	     98		    769		     1		   384
     257	    470		    613		     2		  1785
     258	    157		    295		     1		  1722
     259	    499		    223		     4		  3146
     260	    482		    100		     2		  2957
     261	      3		    209		     2		  1387
     262	    280		    692		     1		  1146
     263	    525		      6		     3		  2459
     264	     54		    122		     2		  2514
     265	    220		    208		     2		  1834
     266	    838		    860		     1		  1710
     267	      0		    143		     3		  2312
     268	     41		    665		     2		   455
     269	    809		    821		     3		  1985
     270	    238		    811		     1		   624
     271	     57		    114		     1		  2642
     272	    490		    911		     1		  1187
     273	    445		    135		     1		  2811
     274	    126		    154		     2		  2078
     275	    502		    856		     1		  1997
     276	    543		    422		     3		  1468
     277	    873		    378		     1		  2588
     278	    947		    675		     2		  1957
     279	    590		    641		     1		  2441
     280	    881		    466		     1		  2077
     281	    721		    116		     1		  3183
     282	    884		    403		     2		  2184
     283	    323		    319		     1		  1603
     284	    495		    158		     2		  1923
     285	    784		     89		     2		  2804
     286	    498		    412		     1		  2041
     287	    737		    749		     1		  2209
     288	    187		    137		     1		  2454
     289	    864		    360		     1		  2106
     290	    262		    566		     3		   857
     291	     63		     28		     4		  2364
     292	    698		    186		     1		  3847
     293	    669		     65		     1		  3537
     294	    280		    605		     1		   905
     295	    163		    577		     3		   885
     296	      7		    891		     1		   105
     297	    156		    301		     1		  2204
     298	    977		    815		     2		  2903
     299	    144		    312		     1		  1679
     300	    524		    978		     1		  2124
     301	    112		    407		     1		  1333
     302	    865		    155		     3		  3668
     303	    232		    344		     3		  1190
     304	    418		    650		     2		  1144
     305	    529		    362		     1		  2779
     306	    889		    916		     2		  3480
     307	    952		    677		     2		  2969
     308	    443		     10		     3		  2105
     309	    644		    925		     2		  1560
     310	    652		    395		     3		  1823
     311	    954		    103		     2		  3374
     312	    614		    890		     4		  2371
     313	     54		    278		     2		  1518
     314	    534		    176		     1		  1918
     315	    457		    678		     2		  1518
     316	    769		    423		     3		  3442
     317	    111		    776		     3		   285
     318	    887		    534		     1		  2410
     319	    238		    143		     2		  2039
     320	    276		    463		     1		  1286
     321	    301		    278		     2		  2024
     322	    342		    979		     1		  1412
     323	    121		    219		     4		  2487
     324	    495		    110		     1		  3262
     325	    824		    196		     1		  3340
     326	    974		    643		     2		  2410
     327	    567		    187		     1		  2983
     328	    588		    289		     3		  2935
     329	    415		    542		     1		  1512
     330	    711		    288		     3		  3589
     331	    192		    263		     2		  2417
     332	    634		    955		     5		  2278
     333	    836		    650		     2		  1877
     334	    401		    251		     1		  2323
     335	    757		    708		     2		  1991
     336	    902		    529		     1		  2233
     337	    526		    587		     2		  2220
     338	    186		    229		     1		  2488
     339	     15		    596		     1		   855
     340	    647		    323		     1		  2867
     341	    182		    123		     3		  2447
     342	    184		     38		     5		  3009
     343	    302		    219		     3		  2446
     344	    781		    849		     2		  3057
     345	    330		     18		     1		  3127
     346	    991		    649		     1		  2812
     347	    887		    717		     1		  2302
     348	    616		    448		     1		  2889
     349	    331		    231		     1		  2337
     350	    822		    365		     3		  2099
     351	    230		    835		     3		   660
     352	     60		    730		     1		   335
     353	    776		    660		     2		  2654
     354	    376		    810		     1		   853
     355	    703		    627		     2		  1881
     356	    481		    728		     1		  1309
     357	    495		    862		     3		  1084
     358	    192		    598		     2		   843
     359	    121		    520		     1		   869
     360	    854		    951		     1		  1851
     361	    305		    495		     1		  1696
     362	    603		    933		     2		  2098
     363	    889		    765		     3		  2724
     364	    608		    852		     3		  1777
     365	    385		    490		     2		  2120
     366	    977		    120		     1		  4670
     367	     57		    831		     2		   165
     368	    695		    732		     2		  1631
     369	    487		    552		     3		  1712
     370	    379		    518		     1		  1336
     371	    175		    165		     1		  2564
     372	    741		     69		     2		  2792
     373	    859		    350		     2		  3409
     374	    741		    665		     1		  1719
     375	    542		    145		     1		  2582
     376	     34		    189		     1		  1414
     377	    618		    340		     1		  2650
     378	     87		    291		     1		  1698
     379	    785		    260		     2		  2494
     380	    943		    254		     3		  4225
     381	    183		    988		     1		   751
     382	    239		    180		     2		  1747
     383	    597		    257		     1		  3094
     384	    780		    886		     1		  2766
     385	    981		    148		     3		  3292
     386	    227		    435		     2		  1316
     387	    905		    402		     3		  3672
     388	    100		    996		     1		   431
     389	    194		    631		     2		   977
     390	    164		    219		     2		  1797
     391	    524		    887		     2		  1049
     392	    909		    704		     1		  2961
     393	    169		    906		     3		   619
     394	    241		    785		     2		   557
     395	    937		    826		     1		  3411
     396	     62		    828		     1		   258
     397	    538		     74		     3		  3140
     398	    855		    575		     2		  2395
     399	    802		    150		     1		  2523
     400	    451		    192		     2		  2496
     401	    979		    779		     3		  3254
     402	    342		    445		     1		  1402
     403	    692		    472		     3		  2522
     404	      9		    452		     3		  1353
     405	    897		    431		     1		  3172
     406	    665		    139		     2		  2948
     407	    128		    106		     1		  3020
     408	    150		    279		     1		  1701
     409	    836		    385		     3		  3260
     410	    235		    877		     1		   906
     411	    315		     98		     1		  1780
     412	    895		    755		     2		  3504
     413	    363		    154		     1		  2649
     414	    373		    633		     3		  1152
     415	     42		    430		     2		  1667
     416	    850		    534		     1		  2988
     417	    592		    274		     2		  3213
     418	     95		    712		     1		   381
     419	    736		    849		     1		  2665
     420	    770		    512		     3		  2009
     421	    191		    627		     3		   801
     422	    307		     97		     2		  2411
     423	    694		    101		     1		  3621
     424	    714		     65		     1		  4130
     425	    581		     60		     1		  3079
     426	    483		    315		     2		  2709
     427	    452		    330		     1		  1798
     428	    269		    422		     1		  1709
     429	    986		    414		     1		  2522
     430	    207		    280		     1		  1722
     431	    645		    986		     1		  1934
     432	     97		     50		     1		  3177
     433	     19		     60		     1		  2675
     434	    159		    382		     1		  1527
     435	    594		      3		     1		  3414
     436	    575		    648		     4		  1643
     437	    505		    396		     1		  1815
     438	    271		    186		     3		  2052
     439	    440		    484		     2		  2229
     440	    204		    169		     4		  2791
     441	    839		    329		     1		  2141
     442	    796		    265		     1		  2322
     443	    184		    633		     2		   944
     444	    110		    901		     1		   427
     445	    794		    510		     3		  3386
     446	    612		    243		     3		  1973
     447	    471		    610		     1		  1677
     448	    168		    254		     1		  1655
     449	    651		    691		     2		  1940
     450	    317		    884		     1		   911
     451	    788		    451		     2		  2238
     452	    778		    532		     1		  1885
     453	      5		    237		     3		  1720
     454	    848		    785		     1		  2036
     455	    606		    434		     1		  2012
     456	    919		    357		     1		  3624
     457	    409		    840		     1		  1541
     458	    198		     57		     1		  1838
     459	    112		    165		     3		  2019
     460	    564		    379		     1		  2269
     461	    841		    919		     1		  2441
     462	    736		    821		     3		  2587
     463	    895		    875		     1		  3325
     464	    233		    210		     1		  2363
     465	    956		    386		     4		  2540
     466	     29		    477		     1		  1128
     467	    440		    322		     4		  1947
     468	    300		    683		     2		  1193
     469	     19		    243		     5		  1655
     470	    804		    616		     1		  1713
     471	    139		    376		     1		  1557
     472	    177		    425		     1		  1693
     473	    164		    188		     2		  1626
     474	    330		    450		     3		  2028
     475	    894		    845		     1		  2307
     476	     81		    292		     2		  1328
     477	    806		    403		     3		  1871
     478	    238		    416		     2		  1569
     479	    930		    935		     2		  2777
     480	    220		    643		     2		   839
     481	    487		    945		     2		  1121
     482	    777		    163		     1		  2715
     483	    352		    425		     1		  1778
     484	    224		    959		     2		   583
     485	      1		    880		     1		    91
     486	    530		    411		     1		  2015
     487	    205		    696		     2		   769
     488	     47		    211		     3		  1569
     489	      1		    975		     4		   439
     490	     12		    909		     2		   108
     491	      9		     25		     2		  2102
     492	    960		    395		     2		  2889
     493	    808		    103		     3		  3122
     494	    881		    187		     1		  3149
     495	    640		    356		     1		  2077
     496	    423		    259		     2		  1830
     497	    574		    348		     3		  2924
     498	    312		    251		     1		  2080
     499	    881		    836		     3		  1780
     500	    874		    740		     1		  3181
     501	    904		    910		     3		  3374
     502	    102		     78		     3		  2253
     503	    926		    747		     1		  2959
     504	    133		    610		     1		  1048
     505	    712		    498		     1		  2021
     506	    801		     94		     1		  2862
     507	     46		    372		     3		  1685
     508	    792		    533		     1		  2670
     509	    744		    492		     1		  2235
     510	    161		    275		     2		  1794
     511	    462		      5		     2		  2575
     512	      2		    317		     1		  1235
     513	    892		    299		     1		  3457
     514	    623		    197		     1		  2176
     515	    280		    296		     1		  1666
     516	    390		    873		     1		  1182
     517	    569		    740		     3		  1484
     518	     67		    260		     1		  2349
     519	     22		    899		     1		   139
     520	    224		     74		     1		  2149
     521	    976		    106		     3		  4779
     522	    643		    937		     1		  1629
     523	    286		    733		     2		  1168
     524	    343		    347		     1		  1404
     525	    768		    396		     1		  3010
     526	    281		      2		     3		  2469
     527	    646		    481		     1		  2205
     528	    113		    496		     1		  1451
     529	    449		    469		     3		  1669
     530	    209		    276		     2		  2294
     531	    925		    847		     1		  3249
     532	    541		    265		     1		  3169
     533	    108		    218		     4		  2525
     534	    909		    962		     3		  2015
     535	    873		    616		     2		  3439
     536	    610		    429		     2		  1774
     537	    632		    229		     1		  1877
     538	    254		    413		     2		  1383
     539	    174		    367		     1		  1044
     540	    801		    148		     1		  3700
     541	     94		    483		     2		  1124
     542	    396		    630		     1		  1799
     543	    722		    757		     1		  2217
     544	    652		    154		     1		  2740
     545	    390		    532		     3		  1984
     546	    865		    278		     4		  2657
     547	    522		    405		     2		  1889
     548	    676		    875		     1		  2179
     549	    367		    807		     2		   827
     550	    174		    702		     1		   636
     551	    161		    844		     1		   389
     552	    628		    479		     1		  2099
     553	    294		    425		     2		  1926
     554	    245		    335		     3		  1430
     555	    188		    955		     1		   526
     556	    898		     25		     2		  3055
     557	    369		    346		     2		  1669
     558	    795		    493		     1		  2691
     559	    704		    846		     3		  1484
     560	     33		    817		     2		   180
     561	    872		    179		     2		  3565
     562	    774		    620		     1		  2072
     563	    635		    620		     3		  2545
     564	    512		    482		     4		  1539
     565	     67		    510		     3		  1167
     566	    527		    626		     3		  2239
     567	    316		    970		     1		   836
     568	    777		    242		     1		  2298
     569	    622		    844		     1		  2311
     570	     35		     70		     3		  2094
     571	    285		    224		     1		  2324
     572	    652		    328		     1		  2894
     573	    358		    274		     2		  2270
     574	    950		    346		     2		  4134
     575	    824		    571		     1		  2668
     576	    228		    251		     2		  1744
     577	    876		    539		     1		  3472
     578	     74		     80		     2		  2595
     579	    668		    777		     1		  2542
     580	     71		    263		     1		  1260
     581	    476		    656		     1		  1884
     582	     94		    533		     2		  1329
     583	    744		    131		     4		  2393
     584	    710		    940		     1		  2357
     585	    470		     10		     1		  2034
     586	    778		    994		     2		  2188
     587	    726		    581		     3		  1933
     588	    301		    968		     2		  1067
     589	    551		    998		     1		  1302
     590	    880		    251		     3		  3251
     591	    229		    807		     2		   648
     592	    791		    870		     1		  2821
     593	    319		    503		     2		  1069
     594	    678		    661		     1		  1674
     595	    131		    647		     3		   615
     596	    756		    147		     1		  2681
     597	    550		    937		     1		  1277
     598	      0		    825		     1		    86
     599	    237		    533		     2		  1576
     600	    484		    801		     2		  1662
     601	    281		    735		     2		  1198
     602	    261		    867		     1		   690
     603	    765		    621		     2		  1762
     604	    340		    504		     1		  1602
     605	    483		    824		     1		  1726
     606	    904		    551		     2		  2896
     607	    380		    261		     1		  2025
     608	    450		    572		     2		  1921
     609	    737		    364		     2		  1962
     610	    504		    708		     1		  1542
     611	    162		    788		     1		   499
     612	    379		    894		     3		  1166
     613	    415		    846		     2		  1321
     614	     11		    831		     1		    90
     615	    357		     10		     3		  3129
     616	    168		    803		     2		   644
     617	    981		    897		     1		  2583
     618	    740		    619		     2		  1891
     619	    192		    525		     1		  1521
     620	    307		    810		     2		   654
     621	    193		     59		     3		  2260
     622	    348		      6		     2		  2319
     623	    635		    865		     3		  2453
     624	     44		     81		     3		  2278
     625	    677		    455		     2		  2555
     626	    365		     89		     1		  2137
     627	    993		    748		     1		  2111
     628	     21		    769		     1		   305
     629	    264		    253		     1		  1467
     630	    794		    836		     2		  2433
     631	    158		    537		     1		  1225
     632	    299		    507		     1		  1617
     633	    837		    673		     4		  1934
     634	    726		    948		     3		  2825
     635	    225		    753		     1		   605
     636	    529		    813		     2		  1440
     637	    493		     88		     2		  2003
     638	    977		    476		     3		  2557
     639	    926		    415		     2		  2344
     640	    960		    959		     1		  2134
     641	    568		    361		     2		  1907
     642	    830		    947		     1		  1834
     643	    447		    171		     2		  2329
     644	    136		     12		     1		  2359
     645	    864		    465		     1		  2271
     646	    510		    511		     1		  1433
     647	     37		     62		     2		  3174
     648	    610		    786		     1		  1489
     649	    739		    627		     3		  2806
     650	    155		    680		     1		   817
     651	    710		    998		     2		  1753
     652	    443		    869		     1		  1161
     653	    243		    357		     3		  1432
     654	    736		    125		     1		  3588
     655	    323		    814		     2		  1258
     656	    526		    532		     1		  1920
     657	     20		    222		     1		  1685
     658	     54		    930		     1		   241
     659	     76		    619		     1		   751
     660	     43		    801		     4		   270
     661	    872		    318		     1		  3327
     662	    938		    393		     1		  3105
     663	    518		    361		     1		  2211
     664	    976		    884		     1		  2000
     665	    362		    501		     1		  1742
     666	    799		    452		     3		  2062
     667	    791		     71		     2		  4134
     668	    745		    362		     4		  3217
     669	    691		    851		     1		  1723
     670	    957		    214		     1		  2402
     671	    547		    416		     2		  2182
     672	    645		    140		     2		  2785
     673	     41		    367		     2		  1258
     674	    747		    223		     1		  3502
     675	    884		    821		     1		  2203
     676	    520		    508		     1		  1860
     677	     86		    411		     1		  1518
     678	    196		    752		     3		   447
     679	    100		     49		     1		  3128
     680	    116		    857		     1		   338
     681	    387		    843		     5		   895
     682	    682		    525		     3		  2491
     683	    861		    886		     1		  2107
     684	    628		    139		     2		  2309
     685	    829		    177		     2		  4137
     686	     48		    367		     1		  1817
     687	    525		    768		     2		  1398
     688	    534		    906		     3		  1521
     689	     74		    407		     3		  1528
     690	    829		    489		     2		  2448
     691	    756		    539		     1		  2536
     692	    651		    110		     2		  3658
     693	    551		    459		     1		  1630
     694	    980		    868		     2		  3605
     695	    295		    427		     3		  1985
     696	    729		    915		     1		  2302
     697	    518		    915		     2		  1070
     698	     46		    872		     1		   120
     699	    172		    627		     1		   843
     700	    677		    872		     2		  1780
     701	    374		    795		     1		  1065
     702	    181		    760		     1		   416
     703	    751		    788		     2		  2587
     704	    459		    649		     1		  1228
     705	    792		    917		     2		  2539
     706	    746		    768		     2		  2898
     707	    676		    582		     1		  1554
     708	    367		    690		     1		  1553
     709	    124		    298		     1		  2195
     710	    280		     13		     1		  3204
     711	    209		    128		     1		  1613
     712	    794		    714		     1		  2270
     713	    901		    875		     2		  2800
     714	    970		    319		     1		  3434
     715	    301		    452		     3		  1706
     716	    146		    305		     1		  1370
     717	    239		    811		     1		   878
     718	    477		    717		     2		  1671
     719	    902		    424		     4		  3170
     720	    951		    766		     2		  3103
     721	    296		    959		     2		   712
     722	    647		    246		     1		  3303
     723	    395		    299		     1		  2098
     724	    970		    492		     1		  2940
     725	    260		    138		     2		  1551
     726	    394		    642		     1		  1786
     727	    795		    836		     2		  2799
     728	    657		     44		     1		  4102
     729	    263		    655		     2		  1089
     730	    436		    346		     1		  1842
     731	    309		     29		     5		  2299
     732	    879		    198		     1		  2649
     733	     99		   1000		     3		   471
     734	    927		    947		     1		  3447
     735	    419		    592		     1		  1599
     736	    742		    981		     1		  1634
     737	    714		    685		     2		  2582
     738	    410		    503		     1		  1463
     739	    858		    581		     4		  3590
     740	    988		    225		     3		  3087
     741	    576		     24		     4		  3954
     742	    114		    728		     2		   500
     743	    673		    162		     1		  3533
     744	    660		    459		     3		  2540
     745	    624		    134		     1		  3580
     746	     86		    528		     2		  1146
     747	    671		     77		     1		  2390
     748	    944		    270		     2		  3379
     749	    412		    813		     3		  1625
     750	    532		    201		     3		  3207
